/*--------------------------------*- C++ -*----------------------------------*\
| =========                 |                                                 |
| \\      /  F ield         | OpenFOAM: The Open Source CFD Toolbox           |
|  \\    /   O peration     | Version:  v1706                                 |
|   \\  /    A nd           | Web:      www.OpenFOAM.com                      |
|    \\/     M anipulation  |                                                 |
\*---------------------------------------------------------------------------*/
FoamFile
{
    version     2.0;
    format      ascii;
    class       vectorFieldField;
    location    "1e-06/lagrangian/dsmc";
    object      wallVectors;
}
// * * * * * * * * * * * * * * * * * * * * * * * * * * * * * * * * * * * * * //


10000
(
0()
0()
0()
0()
0()
0()
0()
0()
0()
0()
0()
4((0 -0.9841028981 -0.1775992286) (0 -0.1775992286 0.9841028981) (-1 0 0) (-3.54995953e-23 -3.210474563e-23 -5.793884025e-24))
0()
0()
0()
4((0 0.9210439327 -0.3894586936) (-0 -0.3894586936 -0.9210439327) (-1 0 0) (-5.118953658e-23 2.366917514e-23 -1.000838907e-23))
4((0 0.1804670693 0.9835810271) (0 0.9835810271 -0.1804670693) (-1 0 0) (-2.805608531e-23 7.142523819e-24 3.892815982e-23))
4((0 0.7902129162 -0.6128323971) (-0 -0.6128323971 -0.7902129162) (-1 0 0) (-1.139215096e-23 5.312639891e-23 -4.120102029e-23))
0()
0()
0()
4((0 0.7000030577 -0.7141398457) (-0 -0.7141398457 -0.7000030577) (-1 0 0) (-6.916610428e-23 7.886269184e-23 -8.045534939e-23))
0()
0()
0()
0()
0()
0()
4((0 -0.660691278 -0.750657735) (0 -0.750657735 0.660691278) (-1 0 0) (-3.990881274e-23 -1.322058658e-23 -1.502083636e-23))
0()
4((0 -0.7788316781 0.6272329848) (0 0.6272329848 0.7788316781) (-1 0 0) (-6.761623626e-23 -7.691586511e-23 6.194428014e-23))
0()
4((0 0.8906901109 -0.4546109615) (-0 -0.4546109615 -0.8906901109) (-1 0 0) (-1.43480707e-23 5.185025399e-23 -2.646452849e-23))
0()
4((0 -0.955937857 0.2935690951) (0 0.2935690951 0.955937857) (-1 0 0) (-4.442902881e-23 -5.510519918e-23 1.692284006e-23))
4((0 -0.7837491444 0.6210775142) (0 0.6210775142 0.7837491444) (-1 0 0) (-3.78587848e-23 -6.265173816e-23 4.964801055e-23))
0()
0()
0()
0()
0()
0()
0()
0()
4((0 -0.3574717254 0.9339239613) (0 0.9339239613 0.3574717254) (-1 0 0) (-4.527016517e-23 -3.606378466e-23 9.421957104e-23))
0()
0()
0()
4((0 -0.9982839752 -0.05855855846) (0 -0.05855855846 0.9982839752) (-1 0 0) (-6.595166512e-23 -1.468399232e-23 -8.613515231e-25))
0()
0()
0()
0()
0()
0()
0()
0()
0()
0()
0()
0()
0()
0()
4((0 0.3294384269 0.9441770612) (0 0.9441770612 -0.3294384269) (-1 0 0) (-8.390447514e-23 1.949318887e-23 5.586786567e-23))
0()
0()
0()
4((0 -0.9906660973 -0.1363109814) (0 -0.1363109814 0.9906660973) (-1 0 0) (-5.008112552e-23 -1.039112873e-22 -1.429770292e-23))
0()
0()
4((0 0.9975027049 -0.07062827842) (-0 -0.07062827842 -0.9975027049) (-1 0 0) (-4.746109592e-23 3.489698586e-23 -2.470884561e-24))
4((0 -0.9443840013 -0.3288447325) (0 -0.3288447325 0.9443840013) (-1 0 0) (-2.937275239e-23 -4.660081471e-23 -1.622690815e-23))
0()
0()
4((0 0.4179383045 -0.9084754117) (-0 -0.9084754117 -0.4179383045) (-1 0 0) (-8.708695237e-23 1.756401817e-23 -3.817902897e-23))
0()
0()
0()
0()
0()
0()
0()
4((0 0.6198084301 -0.7847531523) (-0 -0.7847531523 -0.6198084301) (-1 0 0) (-1.64866739e-23 2.619531184e-23 -3.316646329e-23))
0()
0()
0()
0()
0()
0()
0()
0()
0()
0()
0()
0()
0()
4((0 -0.8168686191 0.5768237679) (0 0.5768237679 0.8168686191) (-1 0 0) (-3.216608493e-23 -8.931599147e-23 6.306961184e-23))
0()
0()
0()
0()
0()
0()
0()
0()
0()
0()
0()
0()
0()
0()
0()
0()
0()
0()
0()
0()
0()
0()
0()
0()
0()
0()
0()
0()
0()
0()
0()
0()
0()
0()
0()
0()
0()
0()
4((0 0.2126621869 0.9771257822) (0 0.9771257822 -0.2126621869) (-1 0 0) (-4.239530867e-23 1.785862935e-23 8.2055618e-23))
0()
0()
0()
0()
4((0 -0.2125550933 0.977149084) (0 0.977149084 0.2125550933) (-1 0 0) (-2.760595988e-23 -5.374365858e-24 2.470680234e-23))
4((0 0.7760924649 0.630619129) (0 0.630619129 -0.7760924649) (-1 0 0) (-3.292391365e-23 4.613699909e-23 3.748892754e-23))
4((0 -0.6766840884 0.7362734848) (0 0.7362734848 0.6766840884) (-1 0 0) (-5.47644641e-23 -8.342477379e-24 9.07712328e-24))
0()
0()
0()
0()
0()
0()
0()
0()
0()
0()
4((0 0.3161368281 0.9487136058) (0 0.9487136058 -0.3161368281) (-1 0 0) (-2.819677129e-23 1.830960456e-23 5.494636948e-23))
0()
0()
0()
4((0 0.9919708743 0.1264665355) (0 0.1264665355 -0.9919708743) (-1 0 0) (-5.585239979e-23 2.271310042e-23 2.895697036e-24))
0()
0()
0()
4((0 0.8325665431 -0.5539250412) (-0 -0.5539250412 -0.8325665431) (-1 0 0) (-3.863245082e-23 7.76826514e-23 -5.168399599e-23))
0()
0()
0()
0()
0()
0()
0()
0()
0()
0()
0()
0()
0()
0()
0()
0()
0()
0()
0()
0()
0()
0()
4((0 -0.1807413201 0.9835306682) (0 0.9835306682 0.1807413201) (-1 0 0) (-9.919372296e-23 -1.090987911e-23 5.936772333e-23))
0()
4((0 -0.9999426492 0.01070973211) (0 0.01070973211 0.9999426492) (-1 0 0) (-6.033249884e-23 -2.43974209e-23 2.613048281e-25))
0()
0()
0()
0()
4((0 0.964574066 0.2638121893) (0 0.2638121893 -0.964574066) (-1 0 0) (-2.323179015e-23 8.091402719e-23 2.213008561e-23))
0()
0()
0()
0()
0()
0()
0()
0()
0()
0()
0()
0()
0()
4((0 -0.7598034329 -0.6501528615) (0 -0.6501528615 0.7598034329) (-1 0 0) (-9.955943322e-23 -2.95549977e-23 -2.528978614e-23))
0()
0()
0()
4((0 -0.09705841852 0.9952786863) (0 0.9952786863 0.09705841852) (-1 0 0) (-2.797773317e-23 -1.876602852e-24 1.924349119e-23))
0()
0()
0()
0()
4((0 0.9426323492 0.333832674) (0 0.333832674 -0.9426323492) (-1 0 0) (-2.515874409e-23 4.52296272e-23 1.601804501e-23))
0()
4((0 0.5690376285 0.8223114844) (0 0.8223114844 -0.5690376285) (-1 0 0) (-5.336662997e-23 1.662771097e-23 2.402856509e-23))
0()
0()
0()
4((0 -0.3332729643 -0.9428303831) (0 -0.9428303831 0.3332729643) (-1 0 0) (-5.237010105e-23 -1.323060925e-23 -3.742943991e-23))
0()
0()
0()
0()
0()
4((0 0.9588935844 -0.2837659136) (-0 -0.2837659136 -0.9588935844) (-1 0 0) (-2.921574214e-23 3.741923734e-23 -1.107349579e-23))
0()
0()
0()
0()
4((0 0.1709239057 -0.9852842323) (-0 -0.9852842323 -0.1709239057) (-1 0 0) (-3.324443961e-23 8.933784598e-24 -5.14984552e-23))
0()
0()
0()
0()
0()
0()
0()
0()
0()
0()
4((0 -0.9737980213 0.2274146296) (0 0.2274146296 0.9737980213) (-1 0 0) (-1.393603095e-23 -4.968171177e-23 1.160235268e-23))
0()
0()
4((0 -0.9608026491 -0.2772332401) (0 -0.2772332401 0.9608026491) (-1 0 0) (-7.830844394e-24 -4.470732609e-23 -1.29000028e-23))
0()
0()
0()
0()
0()
0()
0()
0()
4((0 -0.9481801606 0.3177331949) (0 0.3177331949 0.9481801606) (-1 0 0) (-2.031927981e-23 -8.689076193e-23 2.911691316e-23))
0()
0()
0()
0()
0()
0()
0()
0()
4((0 0.989664902 0.1433993782) (0 0.1433993782 -0.989664902) (-1 0 0) (-8.760292562e-23 4.42624064e-23 6.413485555e-24))
0()
4((0 0.5036872395 0.8638860832) (0 0.8638860832 -0.5036872395) (-1 0 0) (-3.337764594e-23 8.615426709e-24 1.477652529e-23))
0()
0()
0()
0()
0()
0()
0()
0()
4((0 -0.541551019 0.8406678856) (0 0.8406678856 0.541551019) (-1 0 0) (-6.315431782e-23 -1.284256218e-23 1.99359418e-23))
0()
0()
4((0 0.6231466033 0.782105051) (0 0.782105051 -0.6231466033) (-1 0 0) (-7.048990337e-23 1.879019364e-23 2.358338355e-23))
0()
4((0 -0.8592740844 -0.5115154425) (0 -0.5115154425 0.8592740844) (-1 0 0) (-7.882972892e-23 -5.816680963e-23 -3.462599642e-23))
0()
0()
0()
0()
4((0 -0.8589781603 -0.5120122265) (0 -0.5120122265 0.8589781603) (-1 0 0) (-1.017860871e-22 -4.02128172e-23 -2.396970612e-23))
0()
0()
0()
0()
0()
0()
0()
4((0 0.02572460984 -0.9996690675) (-0 -0.9996690675 -0.02572460984) (-1 0 0) (-9.321726101e-23 8.945057271e-25 -3.476086564e-23))
4((0 0.02841772914 -0.9995961348) (-0 -0.9995961348 -0.02841772914) (-1 0 0) (-4.362069408e-23 5.782618189e-25 -2.03404106e-23))
0()
0()
0()
0()
0()
0()
0()
4((0 -0.7274623444 -0.6861476062) (0 -0.6861476062 0.7274623444) (-1 0 0) (-8.128049885e-23 -1.901623604e-23 -1.793624774e-23))
4((0 -0.07756111777 -0.9969875992) (0 -0.9969875992 0.07756111777) (-1 0 0) (-2.935856733e-23 -5.756242501e-24 -7.399200213e-23))
0()
4((0 -0.983069553 0.1832327863) (0 0.1832327863 0.983069553) (-1 0 0) (-1.34427535e-22 -3.28172852e-23 6.116762124e-24))
0()
0()
4((0 0.8824536393 0.4703993776) (0 0.4703993776 -0.8824536393) (-1 0 0) (-2.802871082e-23 6.177810206e-23 3.293133991e-23))
0()
0()
0()
0()
0()
0()
0()
0()
0()
0()
4((0 0.502524427 0.8645630112) (0 0.8645630112 -0.502524427) (-1 0 0) (-8.133486399e-23 2.681511552e-23 4.613379126e-23))
0()
4((0 0.5337689482 -0.8456303625) (-0 -0.8456303625 -0.5337689482) (-1 0 0) (-8.252987423e-23 3.775160051e-23 -5.980846156e-23))
0()
4((0 0.9545757183 0.2979684515) (0 0.2979684515 -0.9545757183) (-1 0 0) (-9.784645397e-23 6.388734496e-23 1.994227685e-23))
0()
0()
0()
0()
0()
0()
0()
0()
0()
4((0 -0.7689278994 -0.6393355031) (0 -0.6393355031 0.7689278994) (-1 0 0) (-5.187549981e-23 -2.543648862e-23 -2.114951254e-23))
0()
0()
0()
0()
0()
0()
4((0 -0.0845307623 -0.99642087) (0 -0.99642087 0.0845307623) (-1 0 0) (-5.034564782e-23 -9.783827561e-25 -1.153285467e-23))
0()
0()
0()
0()
0()
0()
0()
4((0 -0.9521537418 0.3056194561) (0 0.3056194561 0.9521537418) (-1 0 0) (-4.586517415e-23 -5.782543888e-23 1.856063617e-23))
0()
4((0 -0.5733317415 0.819323327) (0 0.819323327 0.5733317415) (-1 0 0) (-3.75432852e-23 -5.986521477e-23 8.555076126e-23))
0()
0()
0()
0()
0()
4((0 -0.462403299 0.8866697182) (0 0.8866697182 0.462403299) (-1 0 0) (-1.1081713e-22 -1.988221616e-23 3.812463932e-23))
0()
0()
0()
0()
4((0 -0.5417854412 -0.8405168265) (0 -0.8405168265 0.5417854412) (-1 0 0) (-1.395400268e-22 -1.181300718e-23 -1.832650077e-23))
0()
0()
0()
0()
0()
0()
0()
0()
0()
0()
0()
0()
0()
0()
0()
0()
0()
0()
0()
0()
0()
0()
0()
0()
0()
0()
0()
0()
0()
0()
0()
0()
0()
0()
0()
0()
0()
0()
4((0 0.9092949898 -0.4161521616) (-0 -0.4161521616 -0.9092949898) (-1 0 0) (-3.828122301e-23 4.156616739e-23 -1.902336492e-23))
0()
0()
4((0 0.8387388301 0.5445339062) (0 0.5445339062 -0.8387388301) (-1 0 0) (-9.076052391e-24 3.182786619e-23 2.066358642e-23))
0()
0()
0()
0()
0()
4((0 -0.9886581939 0.1501831401) (0 0.1501831401 0.9886581939) (-1 0 0) (-5.961802234e-23 -1.112122041e-23 1.689380428e-24))
0()
0()
0()
0()
0()
0()
0()
4((0 0.8600320001 -0.5102400991) (-0 -0.5102400991 -0.8600320001) (-1 0 0) (-6.625013995e-23 5.571764168e-24 -3.305618281e-24))
0()
0()
0()
4((0 -0.2093944742 -0.9778312504) (0 -0.9778312504 0.2093944742) (-1 0 0) (-5.172344778e-23 -1.280986927e-23 -5.981958469e-23))
0()
0()
4((0 0.6819294308 0.7314179731) (0 0.7314179731 -0.6819294308) (-1 0 0) (-5.190607714e-23 3.646991455e-23 3.911658564e-23))
4((0 0.9534878133 -0.3014315675) (-0 -0.3014315675 -0.9534878133) (-1 0 0) (-7.105603478e-23 6.117663711e-23 -1.934012093e-23))
4((0 0.6598358047 -0.7514098155) (-0 -0.7514098155 -0.6598358047) (-1 0 0) (-3.516642803e-23 2.034002399e-23 -2.31628741e-23))
0()
4((0 0.4698080216 0.8827686123) (0 0.8827686123 -0.4698080216) (-1 0 0) (-6.86888681e-23 3.108287051e-23 5.840467e-23))
4((0 -0.5287997753 0.8487466039) (0 0.8487466039 0.5287997753) (-1 0 0) (-4.906310621e-23 -2.017179716e-23 3.237661045e-23))
0()
0()
0()
4((0 -0.8940898211 -0.4478877) (0 -0.4478877 0.8940898211) (-1 0 0) (-4.90595669e-23 -3.308176113e-23 -1.657206419e-23))
0()
0()
0()
0()
0()
0()
0()
0()
0()
4((0 0.9961148795 0.08806331126) (0 0.08806331126 -0.9961148795) (-1 0 0) (-6.722751611e-23 5.127858793e-23 4.533374958e-24))
4((0 0.1469974183 0.9891368758) (0 0.9891368758 -0.1469974183) (-1 0 0) (-3.49571957e-23 1.154792742e-23 7.770531612e-23))
4((0 -0.9995788848 0.02901815076) (0 0.02901815076 0.9995788848) (-1 0 0) (-6.057004493e-23 -2.386023433e-23 6.926715715e-25))
0()
0()
0()
0()
4((0 0.9223678197 -0.3863128333) (-0 -0.3863128333 -0.9223678197) (-1 0 0) (-6.532573032e-23 8.010606901e-23 -3.355060945e-23))
4((0 0.9904563151 -0.1378270217) (-0 -0.1378270217 -0.9904563151) (-1 0 0) (-3.715005688e-23 5.702494852e-23 -7.935310922e-24))
0()
0()
0()
0()
0()
0()
4((0 0.9066948703 -0.4217871645) (-0 -0.4217871645 -0.9066948703) (-1 0 0) (-3.202776683e-23 5.988867254e-23 -2.7859729e-23))
0()
0()
0()
0()
0()
0()
0()
0()
0()
0()
0()
0()
0()
0()
4((0 -0.04689538255 0.9988998063) (0 0.9988998063 0.04689538255) (-1 0 0) (-1.208893756e-22 -1.491916847e-24 3.177872466e-23))
0()
0()
0()
0()
0()
0()
0()
0()
0()
0()
0()
0()
0()
0()
4((0 -0.02186783413 -0.9997608703) (0 -0.9997608703 0.02186783413) (-1 0 0) (-7.320032824e-23 -5.629334732e-25 -2.573637863e-23))
0()
0()
0()
4((0 0.3088915478 0.9510972672) (0 0.9510972672 -0.3088915478) (-1 0 0) (-3.915907774e-23 1.519646372e-23 4.679090514e-23))
0()
0()
4((0 0.100616388 -0.9949252949) (-0 -0.9949252949 -0.100616388) (-1 0 0) (-7.120543215e-23 4.498025102e-24 -4.447783348e-23))
0()
0()
4((0 0.9845891327 -0.1748835035) (-0 -0.1748835035 -0.9845891327) (-1 0 0) (-5.990476194e-23 4.607801725e-23 -8.184414009e-24))
4((0 -0.9421318015 0.3352427012) (0 0.3352427012 0.9421318015) (-1 0 0) (-4.657906302e-23 -5.781563734e-23 2.057278016e-23))
0()
4((0 0.9251908673 -0.3795021201) (-0 -0.3795021201 -0.9251908673) (-1 0 0) (-7.340312155e-23 3.398381674e-23 -1.39397512e-23))
4((0 -0.1682186429 -0.9857497087) (0 -0.9857497087 0.1682186429) (-1 0 0) (-5.06688941e-23 -7.677928138e-24 -4.499213223e-23))
0()
0()
0()
0()
0()
0()
0()
0()
0()
4((0 0.3095056477 0.9508976044) (0 0.9508976044 -0.3095056477) (-1 0 0) (-3.384075393e-23 2.572748262e-23 7.904282773e-23))
0()
0()
0()
0()
0()
0()
4((0 -0.2897339851 0.9571072134) (0 0.9571072134 0.2897339851) (-1 0 0) (-1.101762879e-22 -3.027382679e-23 1.00006556e-22))
0()
0()
0()
0()
0()
0()
4((0 -0.4144460686 0.910073874) (0 0.910073874 0.4144460686) (-1 0 0) (-1.708967471e-23 -4.932966529e-24 1.083220303e-23))
4((0 -0.5315394774 -0.84703352) (0 -0.84703352 0.5315394774) (-1 0 0) (-3.823330624e-23 -2.976267128e-23 -4.742823683e-23))
0()
0()
4((0 -0.542894928 0.8398006294) (0 0.8398006294 0.542894928) (-1 0 0) (-1.148099985e-22 -2.778355986e-23 4.297820785e-23))
0()
0()
0()
4((0 -0.792936035 -0.6093048863) (0 -0.6093048863 0.792936035) (-1 0 0) (-5.475820583e-23 -4.118089559e-23 -3.164406686e-23))
0()
0()
4((0 -0.8689182571 0.4949556167) (0 0.4949556167 0.8689182571) (-1 0 0) (-3.813655019e-23 -3.007089094e-23 1.712906392e-23))
0()
0()
0()
0()
0()
4((0 0.1734352097 -0.9848452813) (-0 -0.9848452813 -0.1734352097) (-1 0 0) (-5.213250076e-23 5.485687492e-24 -3.115026903e-23))
0()
4((0 -0.3001731336 0.9538847362) (0 0.9538847362 0.3001731336) (-1 0 0) (-4.897509318e-23 -1.42354863e-23 4.523727e-23))
4((0 -0.8952712075 -0.4455215652) (0 -0.4455215652 0.8952712075) (-1 0 0) (-1.238328659e-22 -2.150872154e-23 -1.070357139e-23))
0()
0()
0()
0()
0()
0()
0()
4((0 -0.5816186861 -0.8134615565) (0 -0.8134615565 0.5816186861) (-1 0 0) (-4.002066932e-23 -3.584775896e-23 -5.01372712e-23))
4((0 0.938883031 0.3442363348) (0 0.3442363348 -0.938883031) (-1 0 0) (-2.825877744e-23 3.284240073e-23 1.204148683e-23))
0()
0()
0()
0()
0()
0()
0()
0()
0()
4((0 -0.8580593476 0.5135505389) (0 0.5135505389 0.8580593476) (-1 0 0) (-5.670382982e-23 -4.759277945e-23 2.848439051e-23))
4((0 -0.9768665901 0.2138496322) (0 0.2138496322 0.9768665901) (-1 0 0) (-6.503715371e-23 -3.54903838e-23 7.769336775e-24))
4((0 -0.2935999671 0.9559283756) (0 0.9559283756 0.2935999671) (-1 0 0) (-2.983041383e-23 -3.490297147e-23 1.136401382e-22))
4((0 0.4055890106 -0.9140555533) (-0 -0.9140555533 -0.4055890106) (-1 0 0) (-5.385401569e-23 2.149151126e-23 -4.843433797e-23))
4((0 -0.5157810522 -0.8567204364) (0 -0.8567204364 0.5157810522) (-1 0 0) (-2.27583454e-23 -1.749056254e-23 -2.905209936e-23))
0()
0()
4((0 -0.8835573121 -0.4683230468) (0 -0.4683230468 0.8835573121) (-1 0 0) (-7.15323705e-23 -5.223132113e-23 -2.768482714e-23))
0()
0()
0()
4((0 0.06175920788 -0.9980910781) (-0 -0.9980910781 -0.06175920788) (-1 0 0) (-8.201463396e-23 5.396021964e-24 -8.720515636e-23))
4((0 -0.2861636668 -0.9581807532) (0 -0.9581807532 0.2861636668) (-1 0 0) (-1.10071743e-23 -1.213010093e-23 -4.06160201e-23))
0()
0()
4((0 -0.9799627013 0.1991810834) (0 0.1991810834 0.9799627013) (-1 0 0) (-3.756087177e-23 -9.71576077e-23 1.974764706e-23))
0()
4((0 -0.6185241521 0.7857657878) (0 0.7857657878 0.6185241521) (-1 0 0) (-3.577669764e-23 -5.696545719e-24 7.236824495e-24))
0()
4((0 0.4712162753 0.8820176993) (0 0.8820176993 -0.4712162753) (-1 0 0) (-5.825145526e-23 3.251919679e-23 6.086909268e-23))
0()
0()
0()
4((0 0.9387360013 -0.3446370842) (-0 -0.3446370842 -0.9387360013) (-1 0 0) (-9.316228363e-23 6.351353353e-23 -2.331765158e-23))
0()
4((0 0.1374741666 -0.9905053526) (-0 -0.9905053526 -0.1374741666) (-1 0 0) (-4.323133065e-23 5.489377429e-24 -3.95511234e-23))
0()
0()
0()
0()
0()
0()
4((0 0.4522424008 0.8918950672) (0 0.8918950672 -0.4522424008) (-1 0 0) (-6.014360539e-23 1.080284294e-23 2.130495132e-23))
0()
0()
0()
0()
0()
0()
0()
4((0 0.3576264664 0.9338647175) (0 0.9338647175 -0.3576264664) (-1 0 0) (-3.784594693e-23 9.836119684e-24 2.568491427e-23))
4((0 -0.9615212836 0.2747304519) (0 0.2747304519 0.9615212836) (-1 0 0) (-1.144098714e-22 -4.342861928e-23 1.240863245e-23))
0()
4((0 0.6191625675 0.7852628318) (0 0.7852628318 -0.6191625675) (-1 0 0) (-6.458990439e-23 1.387386079e-23 1.75957459e-23))
0()
0()
0()
0()
0()
0()
0()
0()
0()
0()
0()
4((0 0.3055507591 -0.9521757892) (-0 -0.9521757892 -0.3055507591) (-1 0 0) (-3.199721101e-23 1.606547486e-23 -5.00642062e-23))
4((0 0.698904616 0.7152148892) (0 0.7152148892 -0.698904616) (-1 0 0) (-6.08667998e-23 2.278206185e-23 2.331372475e-23))
0()
0()
0()
0()
4((0 0.9773459828 0.2116478913) (0 0.2116478913 -0.9773459828) (-1 0 0) (-5.788655952e-23 4.223038948e-23 9.145147203e-24))
4((0 0.3755368459 0.9268074651) (0 0.9268074651 -0.3755368459) (-1 0 0) (-3.436121396e-23 1.427102409e-23 3.522022353e-23))
0()
0()
0()
0()
0()
0()
0()
0()
4((0 -0.2160949585 0.9763723516) (0 0.9763723516 0.2160949585) (-1 0 0) (-5.927704575e-23 -9.091611267e-24 4.107822752e-23))
4((0 0.9620518241 0.272866795) (0 0.272866795 -0.9620518241) (-1 0 0) (-3.109436953e-23 4.172205183e-23 1.183362713e-23))
0()
4((0 0.9838040807 0.1792471223) (0 0.1792471223 -0.9838040807) (-1 0 0) (-4.108645846e-23 1.569116637e-22 2.858898914e-23))
0()
0()
4((0 -0.9369066295 -0.3495797013) (0 -0.3495797013 0.9369066295) (-1 0 0) (-5.830211104e-23 -4.767014228e-23 -1.778673944e-23))
0()
4((0 0.02063958932 0.999786981) (0 0.999786981 -0.02063958932) (-1 0 0) (-1.685577974e-23 1.847615975e-24 8.949898998e-23))
0()
0()
0()
0()
0()
0()
0()
0()
0()
0()
4((0 0.7610199406 0.6487284871) (0 0.6487284871 -0.7610199406) (-1 0 0) (-8.079454697e-23 8.118093753e-23 6.920237431e-23))
4((0 0.6389783898 0.7692246859) (0 0.7692246859 -0.6389783898) (-1 0 0) (-6.370478893e-23 6.739215794e-24 8.11290528e-24))
0()
4((0 0.1803958612 0.9835940897) (0 0.9835940897 -0.1803958612) (-1 0 0) (-3.503454418e-23 1.160488663e-23 6.32747216e-23))
0()
0()
0()
0()
0()
0()
0()
0()
4((0 0.9775441655 -0.2107306444) (-0 -0.2107306444 -0.9775441655) (-1 0 0) (-5.497617201e-23 8.753925715e-23 -1.887096739e-23))
0()
0()
0()
0()
4((0 -0.5769274676 0.8167953827) (0 0.8167953827 0.5769274676) (-1 0 0) (-1.769929629e-23 -4.106398373e-23 5.813706955e-23))
4((0 0.05517032885 0.9984769576) (0 0.9984769576 -0.05517032885) (-1 0 0) (-5.414792635e-23 4.903077848e-24 8.873628914e-23))
0()
0()
0()
0()
0()
4((0 0.6570579919 0.7538400329) (0 0.7538400329 -0.6570579919) (-1 0 0) (-5.716004503e-23 1.228365205e-23 1.409298537e-23))
0()
0()
0()
0()
4((0 -0.3062151021 -0.9519623476) (0 -0.9519623476 0.3062151021) (-1 0 0) (-1.194769461e-23 -1.416080618e-23 -4.402315301e-23))
0()
0()
0()
0()
0()
0()
0()
0()
0()
0()
4((0 -0.1018253019 -0.9948022959) (0 -0.9948022959 0.1018253019) (-1 0 0) (-4.122608417e-23 -5.807606544e-24 -5.673855332e-23))
0()
0()
0()
0()
0()
0()
0()
0()
0()
0()
0()
0()
0()
4((0 -0.8354607008 -0.5495501956) (0 -0.5495501956 0.8354607008) (-1 0 0) (-7.669529459e-23 -7.296686643e-23 -4.799622014e-23))
0()
0()
4((0 0.914805777 0.4038940337) (0 0.4038940337 -0.914805777) (-1 0 0) (-2.664380957e-23 4.905225953e-23 2.165696311e-23))
4((0 -0.4527539515 0.8916354969) (0 0.8916354969 0.4527539515) (-1 0 0) (-5.758697486e-23 -3.133066784e-23 6.170136229e-23))
0()
0()
4((0 -0.1968414319 -0.9804353373) (0 -0.9804353373 0.1968414319) (-1 0 0) (-3.94896978e-23 -9.808467761e-24 -4.88543916e-23))
4((0 -0.8879045742 0.4600276809) (0 0.4600276809 0.8879045742) (-1 0 0) (-3.842812421e-23 -2.631519172e-23 1.36340289e-23))
0()
0()
4((0 0.02133223263 -0.999772442) (-0 -0.999772442 -0.02133223263) (-1 0 0) (-6.429935395e-23 3.514116572e-25 -1.646952275e-23))
4((0 0.8193667636 -0.5732696632) (-0 -0.5732696632 -0.8193667636) (-1 0 0) (-2.417868537e-23 3.119881431e-23 -2.182823928e-23))
0()
4((0 -0.5884721701 0.8085174736) (0 0.8085174736 0.5884721701) (-1 0 0) (-7.281659702e-23 -3.881124309e-23 5.332379304e-23))
0()
0()
0()
0()
0()
0()
0()
0()
4((0 -0.9441235823 -0.3295916586) (0 -0.3295916586 0.9441235823) (-1 0 0) (-3.71583154e-23 -4.380811777e-23 -1.529332649e-23))
4((0 -0.8906594112 -0.4546711044) (0 -0.4546711044 0.8906594112) (-1 0 0) (-4.430046472e-23 -2.748838997e-23 -1.403249825e-23))
4((0 0.2478356303 -0.9688020956) (-0 -0.9688020956 -0.2478356303) (-1 0 0) (-2.043638462e-23 1.121149707e-23 -4.382631281e-23))
0()
0()
0()
4((0 0.9923512739 -0.1234461385) (-0 -0.1234461385 -0.9923512739) (-1 0 0) (-5.373938462e-23 7.342422916e-23 -9.133799493e-24))
0()
0()
0()
0()
0()
0()
0()
0()
0()
0()
0()
0()
0()
0()
0()
4((0 0.8452804907 0.534322835) (0 0.534322835 -0.8452804907) (-1 0 0) (-3.308534337e-23 7.349073857e-23 4.645532484e-23))
0()
0()
0()
4((0 -0.9999878145 0.00493667706) (0 0.00493667706 0.9999878145) (-1 0 0) (-3.174080076e-23 -1.095052146e-22 5.405984684e-25))
0()
4((0 0.5094859231 0.8604789911) (0 0.8604789911 -0.5094859231) (-1 0 0) (-5.622536988e-23 3.224500543e-23 5.445910962e-23))
0()
0()
0()
0()
0()
0()
0()
0()
0()
0()
4((0 0.7309687277 -0.6824109605) (-0 -0.6824109605 -0.7309687277) (-1 0 0) (-7.189250589e-23 5.258558448e-23 -4.909235902e-23))
0()
0()
0()
0()
0()
0()
0()
0()
4((0 -0.8099214154 -0.5865384053) (0 -0.5865384053 0.8099214154) (-1 0 0) (-3.034208337e-23 -5.141054112e-23 -3.723108963e-23))
0()
0()
4((0 0.2572112637 0.9663551965) (0 0.9663551965 -0.2572112637) (-1 0 0) (-7.548652258e-23 1.315018399e-23 4.940587924e-23))
4((0 -0.9855581986 0.1693370522) (0 0.1693370522 0.9855581986) (-1 0 0) (-8.830696477e-23 -5.955658614e-23 1.023291851e-23))
0()
0()
0()
4((0 0.5910331248 -0.8066472869) (-0 -0.8066472869 -0.5910331248) (-1 0 0) (-1.259508627e-23 2.869624856e-23 -3.91648963e-23))
0()
0()
0()
4((0 0.985429291 -0.170085603) (-0 -0.170085603 -0.985429291) (-1 0 0) (-6.825942918e-23 3.442309088e-23 -5.94144321e-24))
0()
0()
0()
4((0 0.462717514 0.8865057824) (0 0.8865057824 -0.462717514) (-1 0 0) (-7.850746489e-23 2.873908632e-23 5.506030232e-23))
4((0 -0.713820868 -0.700328329) (0 -0.700328329 0.713820868) (-1 0 0) (-3.786974483e-23 -3.893650468e-23 -3.820053249e-23))
0()
0()
0()
0()
0()
0()
0()
0()
0()
0()
0()
0()
4((0 0.9338926537 0.3575535083) (0 0.3575535083 -0.9338926537) (-1 0 0) (-9.273068316e-23 7.545165462e-23 2.888769251e-23))
4((0 -0.4157585024 -0.9094750506) (0 -0.9094750506 0.4157585024) (-1 0 0) (-1.769219667e-23 -2.665206179e-23 -5.830159841e-23))
4((0 -0.7677902472 0.6407012848) (0 0.6407012848 0.7677902472) (-1 0 0) (-6.712966045e-23 -3.636750742e-23 3.034775294e-23))
4((0 -0.7020482574 -0.7121293732) (0 -0.7121293732 0.7020482574) (-1 0 0) (-2.712109764e-23 -1.89643766e-23 -1.923669702e-23))
0()
4((0 0.81699195 0.5766490732) (0 0.5766490732 -0.81699195) (-1 0 0) (-3.150491285e-23 4.322990003e-23 3.051251825e-23))
0()
4((0 -0.2793185042 -0.9601985072) (0 -0.9601985072 0.2793185042) (-1 0 0) (-4.770995502e-23 -8.348885887e-24 -2.870052519e-23))
0()
0()
0()
0()
0()
0()
0()
0()
0()
0()
0()
0()
0()
0()
0()
0()
0()
0()
0()
0()
0()
0()
0()
0()
0()
0()
4((0 0.6473270342 -0.7622123791) (-0 -0.7622123791 -0.6473270342) (-1 0 0) (-4.256387016e-23 4.140623983e-23 -4.87548749e-23))
0()
0()
0()
0()
0()
4((0 0.9772469922 0.2121044935) (0 0.2121044935 -0.9772469922) (-1 0 0) (-8.631255735e-23 6.308848555e-23 1.369290607e-23))
4((0 -0.07609937814 -0.997100238) (0 -0.997100238 0.07609937814) (-1 0 0) (-5.044369672e-23 -8.381829116e-24 -1.098238121e-22))
0()
0()
4((0 0.6015215983 0.7988565371) (0 0.7988565371 -0.6015215983) (-1 0 0) (-1.995440201e-23 5.600156563e-23 7.437341721e-23))
0()
0()
0()
4((0 0.1470487548 0.9891292452) (0 0.9891292452 -0.1470487548) (-1 0 0) (-6.43778853e-23 1.414813375e-23 9.516797933e-23))
0()
0()
0()
0()
0()
0()
0()
0()
4((0 0.09044306353 0.9959016278) (0 0.9959016278 -0.09044306353) (-1 0 0) (-7.343411035e-23 1.123680881e-23 1.237326086e-22))
0()
4((0 -0.6814125234 0.7318995648) (0 0.7318995648 0.6814125234) (-1 0 0) (-2.326768943e-23 -4.083325535e-23 4.38586624e-23))
0()
0()
4((0 0.5571068241 -0.8304408387) (-0 -0.8304408387 -0.5571068241) (-1 0 0) (-2.843550274e-23 5.305080235e-23 -7.907918354e-23))
4((0 0.7375974764 0.6752406703) (0 0.6752406703 -0.7375974764) (-1 0 0) (-5.100355153e-23 5.631600966e-23 5.155503011e-23))
0()
4((0 0.3727585096 -0.9279283882) (-0 -0.9279283882 -0.3727585096) (-1 0 0) (-8.6002254e-23 2.162982656e-23 -5.384432435e-23))
0()
0()
0()
4((0 -0.3177077779 -0.9481886774) (0 -0.9481886774 0.3177077779) (-1 0 0) (-9.220035057e-24 -1.148139948e-23 -3.426586864e-23))
4((0 -0.9973050215 -0.07336684661) (0 -0.07336684661 0.9973050215) (-1 0 0) (-5.089939037e-23 -4.888921696e-23 -3.596540281e-24))
0()
0()
4((0 -0.654529629 0.7560363515) (0 0.7560363515 0.654529629) (-1 0 0) (-4.421484028e-23 -2.905531544e-23 3.356131443e-23))
0()
4((0 -0.6647471086 0.7470684585) (0 0.7470684585 0.6647471086) (-1 0 0) (-1.44737167e-23 -7.778380253e-23 8.741643958e-23))
0()
0()
4((0 -0.4016206491 -0.9158061226) (0 -0.9158061226 0.4016206491) (-1 0 0) (-1.570052613e-22 -1.04341624e-23 -2.379277519e-23))
0()
0()
4((0 0.5426446031 -0.8399624008) (-0 -0.8399624008 -0.5426446031) (-1 0 0) (-3.396244473e-23 3.313136316e-23 -5.128420919e-23))
4((0 0.1656640115 0.9861822526) (0 0.9861822526 -0.1656640115) (-1 0 0) (-6.02712478e-23 3.821679086e-24 2.275009555e-23))
0()
0()
0()
0()
0()
4((0 0.1224056079 0.9924801596) (0 0.9924801596 -0.1224056079) (-1 0 0) (-7.568221962e-23 9.341914197e-24 7.574542254e-23))
4((0 -0.9095793823 0.4155302002) (0 0.4155302002 0.9095793823) (-1 0 0) (-1.902842825e-23 -5.475428131e-23 2.501382278e-23))
0()
4((0 -0.5522351055 -0.833688424) (0 -0.833688424 0.5522351055) (-1 0 0) (-7.533303463e-23 -3.687207753e-24 -5.566437899e-24))
0()
4((0 0.0596103273 0.9982217233) (0 0.9982217233 -0.0596103273) (-1 0 0) (-1.439689389e-23 1.473016616e-24 2.466681952e-23))
0()
4((0 0.4303003468 0.9026857767) (0 0.9026857767 -0.4303003468) (-1 0 0) (-1.651718353e-23 4.013559554e-23 8.419661176e-23))
0()
0()
0()
0()
4((0 0.7206407248 0.6933086944) (0 0.6933086944 -0.7206407248) (-1 0 0) (-5.592615242e-23 5.5690174e-23 5.357799039e-23))
0()
0()
0()
0()
0()
0()
0()
0()
0()
0()
0()
0()
0()
0()
0()
0()
4((0 -0.3266900484 0.9451315317) (0 0.9451315317 0.3266900484) (-1 0 0) (-4.344329393e-23 -8.257687515e-24 2.388992529e-23))
0()
4((0 -0.499320446 0.8664173891) (0 0.8664173891 0.499320446) (-1 0 0) (-3.590541445e-23 -2.231212279e-23 3.871584136e-23))
0()
0()
0()
0()
0()
0()
4((0 -0.6585265132 -0.752557527) (0 -0.752557527 0.6585265132) (-1 0 0) (-7.140441749e-23 -2.516299191e-23 -2.875601602e-23))
0()
0()
0()
0()
4((0 0.7063322121 0.7078805028) (0 0.7078805028 -0.7063322121) (-1 0 0) (-7.603644381e-23 4.437272793e-23 4.446999361e-23))
0()
0()
0()
0()
0()
0()
4((0 0.5030758138 0.864242284) (0 0.864242284 -0.5030758138) (-1 0 0) (-7.04431775e-23 3.440939299e-23 5.911246689e-23))
0()
4((0 0.155482455 -0.9878386539) (-0 -0.9878386539 -0.155482455) (-1 0 0) (-6.395453688e-23 1.699322572e-23 -1.079643695e-22))
0()
0()
0()
0()
4((0 -0.590494175 -0.8070419006) (0 -0.8070419006 0.590494175) (-1 0 0) (-9.59315731e-23 -1.970465278e-23 -2.693079984e-23))
0()
0()
4((0 0.004719352553 0.9999888638) (0 0.9999888638 -0.004719352553) (-1 0 0) (-4.225546304e-23 4.409683068e-25 9.34372652e-23))
0()
4((0 0.8904161843 0.4551472495) (0 0.4551472495 -0.8904161843) (-1 0 0) (-2.635226294e-23 6.628302857e-23 3.388139016e-23))
0()
0()
4((0 0.1138230957 -0.9935010332) (-0 -0.9935010332 -0.1138230957) (-1 0 0) (-7.070876003e-23 7.756250333e-24 -6.770016814e-23))
4((0 0.9516879973 -0.3070666961) (-0 -0.3070666961 -0.9516879973) (-1 0 0) (-7.47359469e-23 2.464769695e-23 -7.95269762e-24))
0()
4((0 0.3907914422 0.9204792495) (0 0.9204792495 -0.3907914422) (-1 0 0) (-8.330995088e-23 2.347418359e-23 5.529163784e-23))
0()
0()
4((0 0.2093100802 -0.9778493188) (-0 -0.9778493188 -0.2093100802) (-1 0 0) (-2.578260123e-25 7.43227247e-24 -3.472189473e-23))
0()
0()
0()
0()
0()
4((0 0.1915640984 0.9814801048) (0 0.9814801048 -0.1915640984) (-1 0 0) (-3.961015984e-23 1.197520893e-23 6.135507337e-23))
4((0 0.9783863713 -0.2067851746) (-0 -0.2067851746 -0.9783863713) (-1 0 0) (-1.342877536e-22 5.900187328e-23 -1.24702398e-23))
0()
4((0 -0.3873101218 -0.921949494) (0 -0.921949494 0.3873101218) (-1 0 0) (-3.415350282e-23 -6.832403041e-24 -1.626379011e-23))
0()
0()
0()
4((0 -0.9510224059 -0.3091219557) (0 -0.3091219557 0.9510224059) (-1 0 0) (-7.805288646e-23 -1.17990215e-23 -3.835174208e-24))
4((0 -0.8405069827 -0.5418007125) (0 -0.5418007125 0.8405069827) (-1 0 0) (-5.281970437e-23 -8.374217031e-23 -5.398119049e-23))
0()
0()
0()
4((0 0.6478861942 0.7617371458) (0 0.7617371458 -0.6478861942) (-1 0 0) (-2.041717566e-23 4.921414065e-24 5.786238289e-24))
0()
0()
0()
0()
0()
0()
0()
0()
0()
0()
4((0 -0.7961129223 0.6051480934) (0 0.6051480934 0.7961129223) (-1 0 0) (-3.325995949e-23 -5.027845513e-23 3.821808491e-23))
0()
0()
0()
0()
4((0 -0.9966692291 -0.08155027696) (0 -0.08155027696 0.9966692291) (-1 0 0) (-1.014841959e-22 -1.929741606e-23 -1.578968808e-24))
0()
0()
0()
0()
4((0 0.8656871415 -0.5005854303) (-0 -0.5005854303 -0.8656871415) (-1 0 0) (-1.09062379e-23 2.123268139e-23 -1.227784316e-23))
0()
0()
0()
4((0 0.3046693715 -0.9524581744) (-0 -0.9524581744 -0.3046693715) (-1 0 0) (-6.348396616e-23 1.275884712e-23 -3.988674076e-23))
0()
4((0 -0.9434596256 -0.3314874581) (0 -0.3314874581 0.9434596256) (-1 0 0) (-3.937501669e-23 -1.743058579e-23 -6.12429024e-24))
4((0 -0.4716379973 0.8817922655) (0 0.8817922655 0.4716379973) (-1 0 0) (-1.038898508e-22 -2.600820185e-23 4.862591939e-23))
0()
0()
0()
0()
4((0 0.2068522047 0.9783722019) (0 0.9783722019 -0.2068522047) (-1 0 0) (-1.2690336e-23 9.378982398e-24 4.436083082e-23))
0()
4((0 0.6951770322 -0.7188385729) (-0 -0.7188385729 -0.6951770322) (-1 0 0) (-6.904421833e-23 4.671326033e-23 -4.830322613e-23))
4((0 -0.9062127354 0.4228220407) (0 0.4228220407 0.9062127354) (-1 0 0) (-4.509392759e-23 -5.03954802e-23 2.351359559e-23))
0()
0()
0()
4((0 -0.9392043669 0.3433586423) (0 0.3433586423 0.9392043669) (-1 0 0) (-2.91892023e-23 -3.863729383e-23 1.412519918e-23))
0()
4((0 -0.9389678764 0.3440048359) (0 0.3440048359 0.9389678764) (-1 0 0) (-1.331775733e-22 -4.296945199e-23 1.574249732e-23))
4((0 0.02444466834 -0.9997011844) (-0 -0.9997011844 -0.02444466834) (-1 0 0) (-5.322889248e-23 1.273844273e-24 -5.209576218e-23))
0()
0()
0()
0()
4((0 -0.1233854493 0.9923588217) (0 0.9923588217 0.1233854493) (-1 0 0) (-7.380848144e-23 -9.928382507e-24 7.985153861e-23))
0()
0()
0()
4((0 -0.9078013636 0.4194003865) (0 0.4194003865 0.9078013636) (-1 0 0) (-1.154201621e-22 -1.693669334e-23 7.824680614e-24))
0()
4((0 0.9455334565 0.3255249339) (0 0.3255249339 -0.9455334565) (-1 0 0) (-5.279713021e-23 4.901126825e-23 1.687342711e-23))
4((0 -0.8138620012 -0.5810582097) (0 -0.5810582097 0.8138620012) (-1 0 0) (-5.058108377e-23 -4.769374963e-23 -3.405103658e-23))
0()
0()
0()
0()
0()
0()
0()
0()
0()
0()
0()
0()
4((0 0.9769786095 0.2133372836) (0 0.2133372836 -0.9769786095) (-1 0 0) (-5.312245942e-23 2.9696471e-23 6.484650118e-24))
0()
4((0 -0.5571042633 -0.8304425566) (0 -0.8304425566 0.5571042633) (-1 0 0) (-1.028834051e-22 -4.17718427e-23 -6.226682892e-23))
0()
4((0 0.1947743927 0.9808480698) (0 0.9808480698 -0.1947743927) (-1 0 0) (-1.37652409e-23 1.986285716e-23 1.000257007e-22))
0()
0()
0()
4((0 -0.1439163479 0.9895898569) (0 0.9895898569 0.1439163479) (-1 0 0) (-9.140251912e-23 -8.528414396e-24 5.864262474e-23))
4((0 -0.1774021051 0.9841384522) (0 0.9841384522 0.1774021051) (-1 0 0) (-1.744677838e-23 -1.098472283e-23 6.093776686e-23))
0()
0()
0()
4((0 0.9796605555 -0.2006618948) (-0 -0.2006618948 -0.9796605555) (-1 0 0) (-7.762979612e-23 4.079812178e-23 -8.356596959e-24))
0()
0()
4((0 0.4347519591 0.9005502396) (0 0.9005502396 -0.4347519591) (-1 0 0) (-2.653230923e-23 2.240525408e-23 4.641050261e-23))
0()
0()
4((0 -0.9972779947 -0.07373331208) (0 -0.07373331208 0.9972779947) (-1 0 0) (-7.198506019e-23 -8.284746745e-23 -6.125291248e-24))
0()
4((0 -0.1219226505 -0.9925396049) (0 -0.9925396049 0.1219226505) (-1 0 0) (-2.385418556e-23 -6.350045825e-24 -5.169402032e-23))
0()
0()
4((0 -0.7025772755 0.7116074564) (0 0.7116074564 0.7025772755) (-1 0 0) (-3.736320709e-23 -1.37481814e-23 1.39248859e-23))
0()
0()
4((0 0.4911592452 0.8710697996) (0 0.8710697996 -0.4911592452) (-1 0 0) (-5.502919216e-23 1.920845552e-23 3.4066152e-23))
4((0 0.9035222441 -0.4285411934) (-0 -0.4285411934 -0.9035222441) (-1 0 0) (-6.958142161e-23 1.425277079e-23 -6.760098542e-24))
4((0 -0.9520090563 0.3060698558) (0 0.3060698558 0.9520090563) (-1 0 0) (-2.433975696e-23 -5.6285313e-23 1.809566571e-23))
0()
0()
0()
0()
0()
4((0 0.4950999914 -0.8688360021) (-0 -0.8688360021 -0.4950999914) (-1 0 0) (-8.568809624e-23 2.706423338e-23 -4.749420469e-23))
0()
0()
0()
0()
0()
0()
0()
4((0 -0.07755006771 -0.9969884588) (0 -0.9969884588 0.07755006771) (-1 0 0) (-4.464811719e-23 -6.805202624e-24 -8.748810513e-23))
0()
0()
0()
4((0 0.141415705 -0.989950301) (-0 -0.989950301 -0.141415705) (-1 0 0) (-3.592692469e-23 4.358809832e-24 -3.051291301e-23))
0()
0()
4((0 0.3188261301 -0.9478132193) (-0 -0.9478132193 -0.3188261301) (-1 0 0) (-2.35696036e-23 1.333529749e-23 -3.964346096e-23))
0()
0()
4((0 0.7826032756 0.6225207732) (0 0.6225207732 -0.7826032756) (-1 0 0) (-1.163009746e-23 1.311351445e-23 1.043112827e-23))
4((0 -0.7029971322 0.7111926828) (0 0.7111926828 0.7029971322) (-1 0 0) (-4.96270417e-23 -7.764755318e-23 7.855276946e-23))
0()
0()
4((0 0.5576526996 0.8300743742) (0 0.8300743742 -0.5576526996) (-1 0 0) (-5.264669156e-23 2.581138645e-23 3.842063433e-23))
0()
4((0 -0.7435865524 -0.668639693) (0 -0.668639693 0.7435865524) (-1 0 0) (-6.010702429e-23 -6.918580519e-24 -6.221249617e-24))
0()
0()
0()
0()
0()
4((0 0.5762389293 -0.8172812835) (-0 -0.8172812835 -0.5762389293) (-1 0 0) (-7.823554101e-23 5.258777115e-23 -7.458538277e-23))
0()
4((0 -0.4402182354 0.8978908092) (0 0.8978908092 0.4402182354) (-1 0 0) (-3.35613014e-23 -2.725237126e-23 5.558527957e-23))
0()
0()
0()
0()
0()
0()
0()
4((0 -0.3369471799 -0.9415235515) (0 -0.9415235515 0.3369471799) (-1 0 0) (-6.653857766e-23 -2.077206154e-23 -5.804288126e-23))
4((0 -0.3904374432 0.9206294602) (0 0.9206294602 0.3904374432) (-1 0 0) (-9.339066479e-23 -1.308230423e-23 3.084733519e-23))
0()
0()
0()
0()
4((0 0.994812626 -0.1017243287) (-0 -0.1017243287 -0.994812626) (-1 0 0) (-1.106103244e-22 6.497930084e-23 -6.644442969e-24))
0()
0()
0()
4((0 -0.0675821848 0.9977137106) (0 0.9977137106 0.0675821848) (-1 0 0) (-4.735975173e-23 -1.285512932e-24 1.897798778e-23))
0()
0()
4((0 0.2671267236 0.9636614102) (0 0.9636614102 -0.2671267236) (-1 0 0) (-4.953522992e-23 1.293692126e-23 4.667002843e-23))
0()
0()
0()
0()
0()
4((0 0.4061717803 -0.9137967416) (-0 -0.9137967416 -0.4061717803) (-1 0 0) (-8.372033944e-23 2.923656087e-23 -6.577580067e-23))
4((0 -0.2744485022 -0.9616017989) (0 -0.9616017989 0.2744485022) (-1 0 0) (-8.559787093e-23 -1.199380446e-23 -4.202341732e-23))
4((0 -0.4419313341 -0.8970488816) (0 -0.8970488816 0.4419313341) (-1 0 0) (-7.917664532e-23 -2.471014412e-23 -5.015758205e-23))
0()
0()
4((0 -0.614237063 -0.7891215562) (0 -0.7891215562 0.614237063) (-1 0 0) (-9.332737961e-23 -2.264669289e-23 -2.909461935e-23))
4((0 0.875564231 -0.4831017257) (-0 -0.4831017257 -0.875564231) (-1 0 0) (-2.145858338e-23 1.976831665e-23 -1.090737556e-23))
4((0 0.2918424713 0.9564663988) (0 0.9564663988 -0.2918424713) (-1 0 0) (-4.305404418e-23 7.668939341e-24 2.513370574e-23))
0()
0()
0()
4((0 0.1443529225 0.9895262673) (0 0.9895262673 -0.1443529225) (-1 0 0) (-5.656702653e-23 4.352759809e-24 2.983777601e-23))
4((0 -0.9402661819 -0.3404401667) (0 -0.3404401667 0.9402661819) (-1 0 0) (-6.405454134e-23 -5.961525715e-23 -2.158476873e-23))
0()
0()
0()
0()
0()
0()
0()
4((0 -0.452780785 0.891621871) (0 0.891621871 0.452780785) (-1 0 0) (-1.097453086e-23 -1.487502936e-23 2.929210326e-23))
4((0 0.9994714924 -0.03250747536) (-0 -0.03250747536 -0.9994714924) (-1 0 0) (-7.582999118e-23 4.321319802e-23 -1.405494784e-24))
4((0 -0.999864219 0.01647858015) (0 0.01647858015 0.999864219) (-1 0 0) (-5.95615068e-23 -2.377626869e-23 3.918523556e-25))
0()
0()
0()
0()
0()
4((0 -0.3626187502 0.9319375741) (0 0.9319375741 0.3626187502) (-1 0 0) (-4.114044482e-23 -2.375107463e-23 6.104074557e-23))
0()
0()
4((0 -0.3426694031 0.9394560555) (0 0.9394560555 0.3426694031) (-1 0 0) (-4.778141813e-23 -1.333008862e-23 3.654552276e-23))
0()
4((0 -0.1284357443 -0.9917178326) (0 -0.9917178326 0.1284357443) (-1 0 0) (-9.160121725e-23 -1.00325289e-23 -7.74662682e-23))
4((0 -0.4124107733 0.9109979989) (0 0.9109979989 0.4124107733) (-1 0 0) (-3.233068664e-23 -3.321796501e-23 7.337708327e-23))
4((0 -0.4569962463 -0.8894686228) (0 -0.8894686228 0.4569962463) (-1 0 0) (-6.279563957e-23 -1.277931587e-23 -2.487285307e-23))
0()
4((0 0.3262820296 0.9452724672) (0 0.9452724672 -0.3262820296) (-1 0 0) (-5.293468873e-23 1.334239589e-23 3.865428782e-23))
0()
0()
0()
0()
0()
0()
0()
0()
0()
0()
0()
0()
0()
4((0 0.8546835414 0.5191493465) (0 0.5191493465 -0.8546835414) (-1 0 0) (-6.440715024e-24 6.114337617e-23 3.713952855e-23))
0()
0()
0()
4((0 0.8764652875 0.4814650556) (0 0.4814650556 -0.8764652875) (-1 0 0) (-9.215729207e-23 2.573223672e-23 1.413538329e-23))
0()
0()
0()
0()
4((0 -0.5085434617 0.8610363219) (0 0.8610363219 0.5085434617) (-1 0 0) (-4.505634893e-23 -1.080185474e-23 1.828907453e-23))
0()
0()
4((0 -0.5301428903 0.8479083181) (0 0.8479083181 0.5301428903) (-1 0 0) (-4.069219887e-23 -1.584395853e-23 2.534076091e-23))
0()
0()
0()
0()
0()
4((0 0.6487942009 -0.7609639182) (-0 -0.7609639182 -0.6487942009) (-1 0 0) (-4.471962139e-23 1.718888971e-23 -2.016066858e-23))
0()
0()
0()
0()
4((0 0.8834994188 -0.4684322545) (-0 -0.4684322545 -0.8834994188) (-1 0 0) (-2.329350893e-23 3.290184666e-23 -1.744459122e-23))
0()
0()
0()
0()
4((0 0.8765216307 -0.4813624735) (-0 -0.4813624735 -0.8765216307) (-1 0 0) (-7.358999366e-23 3.025867128e-23 -1.661726117e-23))
0()
0()
4((0 0.896667631 0.4427043703) (0 0.4427043703 -0.896667631) (-1 0 0) (-8.787075742e-23 5.285889765e-23 2.609759089e-23))
0()
0()
4((0 -0.9982169797 -0.05968970968) (0 -0.05968970968 0.9982169797) (-1 0 0) (-3.656450534e-23 -4.460684364e-23 -2.667325442e-24))
4((0 -0.9882495307 0.1528491577) (0 0.1528491577 0.9882495307) (-1 0 0) (-3.08344654e-23 -4.587485925e-23 7.09530678e-24))
0()
4((0 0.8567932022 0.5156601678) (0 0.5156601678 -0.8567932022) (-1 0 0) (-9.077700868e-23 2.359713651e-23 1.4201914e-23))
0()
0()
0()
0()
4((0 0.8852798683 -0.4650586574) (-0 -0.4650586574 -0.8852798683) (-1 0 0) (-1.007631304e-22 2.981865303e-23 -1.566445058e-23))
0()
4((0 -0.3170445855 -0.9484106341) (0 -0.9484106341 0.3170445855) (-1 0 0) (-3.293702692e-23 -1.834464308e-23 -5.487636559e-23))
0()
0()
0()
0()
0()
0()
4((0 0.09719659709 -0.9952652016) (-0 -0.9952652016 -0.09719659709) (-1 0 0) (-5.395214423e-23 4.214114678e-24 -4.315132237e-23))
0()
4((0 -0.8262493022 0.5633046162) (0 0.5633046162 0.8262493022) (-1 0 0) (-2.813475882e-23 -1.526684816e-23 1.040834288e-23))
0()
0()
0()
0()
0()
0()
0()
0()
0()
0()
0()
0()
0()
4((0 0.7257471553 0.6879615298) (0 0.6879615298 -0.7257471553) (-1 0 0) (-5.902368449e-23 4.865436385e-23 4.612120122e-23))
0()
0()
