/*--------------------------------*- C++ -*----------------------------------*\
| =========                 |                                                 |
| \\      /  F ield         | OpenFOAM: The Open Source CFD Toolbox           |
|  \\    /   O peration     | Version:  v1706                                 |
|   \\  /    A nd           | Web:      www.OpenFOAM.com                      |
|    \\/     M anipulation  |                                                 |
\*---------------------------------------------------------------------------*/
FoamFile
{
    version     2.0;
    format      ascii;
    class       vectorFieldField;
    location    "1e-06/lagrangian/dsmc";
    object      wallVectors;
}
// * * * * * * * * * * * * * * * * * * * * * * * * * * * * * * * * * * * * * //


3999
(
4((0 -0.9390984792 0.3436481433) (0 0.3436481433 0.9390984792) (-1 0 0) (-6.847676903e-24 -5.812965613e-23 2.127162256e-23))
4((0 -0.03274867692 -0.9994636182) (0 -0.9994636182 0.03274867692) (-1 0 0) (-5.474987769e-24 -2.66637955e-24 -8.137578687e-23))
0()
4((0 0.9228611345 0.3851328685) (0 0.3851328685 -0.9228611345) (-1 0 0) (-4.55057151e-23 3.117584672e-23 1.301045501e-23))
4((0 -0.05195244778 0.9986495597) (0 0.9986495597 0.05195244778) (-1 0 0) (-4.294356142e-23 -2.662450869e-24 5.11786355e-23))
0()
4((0 -0.7660620225 -0.6427666588) (0 -0.6427666588 0.7660620225) (-1 0 0) (-3.641156307e-23 -1.09509465e-22 -9.188424804e-23))
4((0 -0.9768813265 -0.2137823051) (0 -0.2137823051 0.9768813265) (-1 0 0) (-2.378223542e-23 -5.764130865e-23 -1.261431813e-23))
4((0 -0.6038588927 0.7970912355) (0 0.7970912355 0.6038588927) (-1 0 0) (-6.060315579e-23 -3.401405659e-23 4.489841371e-23))
0()
4((0 -0.4235740329 -0.9058614898) (0 -0.9058614898 0.4235740329) (-1 0 0) (-4.275335698e-23 -2.419473581e-23 -5.174320832e-23))
0()
0()
0()
4((0 0.8679905799 -0.4965806612) (-0 -0.4965806612 -0.8679905799) (-1 0 0) (-2.756208916e-23 3.076288307e-23 -1.759956061e-23))
0()
4((0 -0.5009721603 0.8654633988) (0 0.8654633988 0.5009721603) (-1 0 0) (-1.123983334e-23 -2.228483472e-23 3.849856404e-23))
0()
4((0 0.99261522 0.1213055032) (0 0.1213055032 -0.99261522) (-1 0 0) (-4.522326688e-23 4.87905114e-23 5.962589954e-24))
4((0 -0.9575310304 -0.2883302375) (0 -0.2883302375 0.9575310304) (-1 0 0) (-1.422750684e-23 -1.782943941e-23 -5.368772745e-24))
0()
0()
4((0 0.5466094423 0.8373876746) (0 0.8373876746 -0.5466094423) (-1 0 0) (-3.045973377e-23 1.630693266e-23 2.498168411e-23))
0()
4((0 -0.2625967656 0.9649056631) (0 0.9649056631 0.2625967656) (-1 0 0) (-6.044302911e-23 -2.248127755e-23 8.260692769e-23))
0()
0()
4((0 -0.995381446 -0.09599883809) (0 -0.09599883809 0.995381446) (-1 0 0) (-5.899095191e-23 -8.104328026e-23 -7.816160097e-24))
0()
4((0 -0.7652274029 0.6437600654) (0 0.6437600654 0.7652274029) (-1 0 0) (-3.697631645e-23 -4.043115143e-23 3.401336725e-23))
0()
0()
4((0 -0.5544083386 -0.8322447922) (0 -0.8322447922 0.5544083386) (-1 0 0) (-6.069093571e-23 -4.376583827e-23 -6.56986709e-23))
0()
0()
4((0 0.4883159641 0.8726669005) (0 0.8726669005 -0.4883159641) (-1 0 0) (-3.73272622e-23 5.849481947e-24 1.045357853e-23))
0()
4((0 -0.9527985493 0.3036032352) (0 0.3036032352 0.9527985493) (-1 0 0) (-8.604732145e-24 -5.050548803e-23 1.609325452e-23))
0()
0()
4((0 0.87874581 0.47729006) (0 0.47729006 -0.87874581) (-1 0 0) (-3.498146295e-23 1.973855111e-23 1.072097772e-23))
4((0 0.9930082552 0.1180449286) (0 0.1180449286 -0.9930082552) (-1 0 0) (-4.701626565e-23 6.443954078e-23 7.660319993e-24))
4((0 -0.7342664614 -0.678861373) (0 -0.678861373 0.7342664614) (-1 0 0) (-3.416792327e-23 -6.346236816e-23 -5.867372765e-23))
0()
0()
4((0 0.8235695535 -0.5672152947) (-0 -0.5672152947 -0.8235695535) (-1 0 0) (-4.959192272e-23 5.345827878e-23 -3.681820584e-23))
0()
4((0 0.9366159078 0.3503578758) (0 0.3503578758 -0.9366159078) (-1 0 0) (-6.191595222e-23 1.304377775e-23 4.879257576e-24))
4((0 -0.9687849783 -0.2479025327) (0 -0.2479025327 0.9687849783) (-1 0 0) (-1.671000691e-23 -2.319218911e-23 -5.934652733e-24))
4((0 -0.3657203292 -0.9307247933) (0 -0.9307247933 0.3657203292) (-1 0 0) (-6.184181807e-23 -6.675659529e-24 -1.698894302e-23))
0()
0()
0()
4((0 0.07910270624 0.9968664714) (0 0.9968664714 -0.07910270624) (-1 0 0) (-7.457345488e-23 3.491652523e-24 4.400243046e-23))
4((0 0.8388062267 0.5444300819) (0 0.5444300819 -0.8388062267) (-1 0 0) (-5.658905218e-23 6.149760098e-23 3.991523057e-23))
0()
0()
4((0 -0.9728661245 0.2313687616) (0 0.2313687616 0.9728661245) (-1 0 0) (-5.493703095e-23 -8.533049768e-24 2.029345156e-24))
0()
4((0 0.9633924086 -0.2680952575) (-0 -0.2680952575 -0.9633924086) (-1 0 0) (-5.106990169e-23 9.586827529e-23 -2.667846427e-23))
4((0 -0.5062112174 -0.8624095334) (0 -0.8624095334 0.5062112174) (-1 0 0) (-4.184229951e-23 -7.052667933e-24 -1.201531664e-23))
0()
4((0 0.9999877698 -0.004945730285) (-0 -0.004945730285 -0.9999877698) (-1 0 0) (-6.412560721e-23 2.678842269e-23 -1.324899338e-25))
0()
0()
0()
0()
0()
0()
4((0 -0.02949518998 0.9995649222) (0 0.9995649222 0.02949518998) (-1 0 0) (-6.720905363e-23 -1.901428568e-24 6.443766932e-23))
0()
4((0 0.9788747345 0.2044608866) (0 0.2044608866 -0.9788747345) (-1 0 0) (-5.420850182e-23 8.881383053e-23 1.855084608e-23))
0()
4((0 -0.7745913673 -0.6324620255) (0 -0.6324620255 0.7745913673) (-1 0 0) (-3.749937767e-23 -5.478476819e-23 -4.473234136e-23))
0()
0()
0()
4((0 -0.9659431599 0.2587543465) (0 0.2587543465 0.9659431599) (-1 0 0) (-4.32699565e-23 -4.008084706e-23 1.073675328e-23))
4((0 -0.9263941839 0.3765551966) (0 0.3765551966 0.9263941839) (-1 0 0) (-6.487567864e-23 -5.073706674e-23 2.062330105e-23))
0()
4((0 0.8850915726 -0.4654169187) (-0 -0.4654169187 -0.8850915726) (-1 0 0) (-8.177320416e-23 4.157387262e-23 -2.186122238e-23))
4((0 -0.2789745024 -0.9602985093) (0 -0.9602985093 0.2789745024) (-1 0 0) (-8.267098876e-23 -3.871611014e-24 -1.332703259e-23))
0()
4((0 0.2338974328 -0.9722612771) (-0 -0.9722612771 -0.2338974328) (-1 0 0) (-3.498967035e-23 8.066466139e-24 -3.353056327e-23))
0()
4((0 0.5185305322 -0.8550591133) (-0 -0.8550591133 -0.5185305322) (-1 0 0) (-9.932288323e-23 6.077470169e-24 -1.002177486e-23))
0()
4((0 0.4823527231 0.8759770833) (0 0.8759770833 -0.4823527231) (-1 0 0) (-7.245415164e-23 5.65943249e-23 1.027781731e-22))
4((0 0.08372569687 0.9964888397) (0 0.9964888397 -0.08372569687) (-1 0 0) (-8.13080142e-23 4.208313777e-24 5.008662657e-23))
0()
0()
4((0 -0.9996434081 -0.02670312232) (0 -0.02670312232 0.9996434081) (-1 0 0) (-1.053224528e-23 -7.692176642e-23 -2.054784057e-24))
0()
0()
0()
4((0 -0.8964745632 -0.4430952014) (0 -0.4430952014 0.8964745632) (-1 0 0) (-5.227295576e-23 -4.069240502e-23 -2.011279532e-23))
0()
4((0 0.4273918506 0.9040664832) (0 0.9040664832 -0.4273918506) (-1 0 0) (-4.130166161e-23 1.994633595e-23 4.219269452e-23))
0()
0()
4((0 0.4229725069 0.9061425155) (0 0.9061425155 -0.4229725069) (-1 0 0) (-3.778504587e-23 2.471233492e-23 5.294173254e-23))
0()
0()
4((0 -0.7146549668 0.6994771465) (0 0.6994771465 0.7146549668) (-1 0 0) (-6.851357436e-23 -6.604259146e-24 6.463998092e-24))
0()
4((0 0.9999648498 -0.008384462371) (-0 -0.008384462371 -0.9999648498) (-1 0 0) (-2.563564222e-23 5.811109522e-23 -4.87247418e-25))
0()
0()
0()
0()
0()
4((0 0.9925706266 0.1216698451) (0 0.1216698451 -0.9925706266) (-1 0 0) (-9.70597342e-23 7.592149583e-23 9.306498084e-24))
0()
4((0 -0.1746358689 -0.9846330856) (0 -0.9846330856 0.1746358689) (-1 0 0) (-2.689551905e-23 -6.48911667e-24 -3.658697958e-23))
0()
4((0 -0.485356612 -0.874316281) (0 -0.874316281 0.485356612) (-1 0 0) (-3.406184478e-23 -2.775481245e-23 -4.999722637e-23))
4((0 0.998970664 0.04536091343) (0 0.04536091343 -0.998970664) (-1 0 0) (-9.372730068e-23 8.773065113e-23 3.983642978e-24))
0()
0()
4((0 0.9964155068 0.08459395854) (0 0.08459395854 -0.9964155068) (-1 0 0) (-4.0659628e-23 5.144774112e-23 4.367824516e-24))
4((0 -0.74837441 -0.6632765204) (0 -0.6632765204 0.74837441) (-1 0 0) (-5.782189679e-23 -3.926978156e-23 -3.480440234e-23))
0()
0()
0()
4((0 -0.2836861948 -0.9589171721) (0 -0.9589171721 0.2836861948) (-1 0 0) (-3.382093225e-23 -1.972086336e-23 -6.666053856e-23))
0()
0()
0()
0()
0()
0()
0()
0()
0()
0()
0()
0()
4((0 -0.635613252 0.7720076385) (0 0.7720076385 0.635613252) (-1 0 0) (-4.195413725e-23 -4.429573363e-23 5.380102541e-23))
0()
0()
0()
0()
0()
0()
0()
0()
0()
4((0 -0.2383151317 -0.9711878799) (0 -0.9711878799 0.2383151317) (-1 0 0) (-7.884065534e-23 -1.131223757e-23 -4.609991795e-23))
4((0 0.1164091313 -0.9932013462) (-0 -0.9932013462 -0.1164091313) (-1 0 0) (-6.903690615e-23 3.807279538e-24 -3.248366446e-23))
4((0 -0.7259535259 0.6877437591) (0 0.6877437591 0.7259535259) (-1 0 0) (-4.837540092e-23 -1.574569869e-24 1.491694112e-24))
0()
0()
4((0 0.4743933749 0.8803129704) (0 0.8803129704 -0.4743933749) (-1 0 0) (-3.298370998e-23 1.752204932e-23 3.251497197e-23))
0()
0()
4((0 -0.1191558578 0.992875562) (0 0.992875562 0.1191558578) (-1 0 0) (-5.819092805e-23 -1.16369013e-23 9.696539585e-23))
4((0 0.8769298878 -0.4806183224) (-0 -0.4806183224 -0.8769298878) (-1 0 0) (-7.934242929e-24 1.671221291e-23 -9.15945031e-24))
4((0 -0.9869426675 -0.161071944) (0 -0.161071944 0.9869426675) (-1 0 0) (-4.96959873e-23 -3.777039035e-23 -6.164238713e-24))
0()
0()
0()
4((0 0.3200674346 0.9473947632) (0 0.9473947632 -0.3200674346) (-1 0 0) (-9.397031837e-23 2.689349472e-23 7.960433741e-23))
0()
0()
0()
0()
4((0 -0.2153502739 -0.9765368705) (0 -0.9765368705 0.2153502739) (-1 0 0) (-4.151662714e-23 -1.032032587e-23 -4.679900582e-23))
0()
0()
0()
0()
0()
0()
0()
0()
4((0 0.1840498469 -0.982916911) (-0 -0.982916911 -0.1840498469) (-1 0 0) (-8.005648446e-23 4.915124921e-24 -2.624919001e-23))
0()
4((0 -0.6336184298 0.7736457105) (0 0.7736457105 0.6336184298) (-1 0 0) (-3.751687624e-23 -5.54127981e-24 6.765881726e-24))
4((0 -0.8098234165 0.5866737033) (0 0.5866737033 0.8098234165) (-1 0 0) (-6.298006992e-23 -3.571569835e-23 2.587411106e-23))
4((0 -0.1795702662 0.9837451497) (0 0.9837451497 0.1795702662) (-1 0 0) (-8.317844721e-23 -2.308616799e-23 1.264736432e-22))
4((0 0.6858947858 0.7277007234) (0 0.7277007234 -0.6858947858) (-1 0 0) (-2.069258812e-23 2.978038752e-23 3.159553038e-23))
0()
4((0 0.9901832507 0.1397752839) (0 0.1397752839 -0.9901832507) (-1 0 0) (-3.302470134e-23 4.081141544e-23 5.760981289e-24))
0()
0()
0()
0()
0()
0()
4((0 -0.8591539254 -0.5117172387) (0 -0.5117172387 0.8591539254) (-1 0 0) (-4.880922712e-23 -6.733052985e-23 -4.010246801e-23))
0()
0()
0()
0()
0()
0()
4((0 -0.6602191807 0.7510729881) (0 0.7510729881 0.6602191807) (-1 0 0) (-1.181183009e-22 -4.073679282e-23 4.634264742e-23))
0()
0()
0()
0()
0()
4((0 -0.2043431947 -0.9788993098) (0 -0.9788993098 0.2043431947) (-1 0 0) (-7.456579929e-23 -3.033482053e-23 -1.453179536e-22))
4((0 -0.1706037832 -0.9853397126) (0 -0.9853397126 0.1706037832) (-1 0 0) (-9.557666966e-23 -9.509590667e-24 -5.492361984e-23))
0()
0()
0()
0()
0()
0()
0()
4((0 -0.05102199171 -0.99869753) (0 -0.99869753 0.05102199171) (-1 0 0) (-1.09235899e-22 -2.806292077e-24 -5.492997963e-23))
0()
0()
4((0 0.9186522981 0.3950670261) (0 0.3950670261 -0.9186522981) (-1 0 0) (-1.241731468e-22 8.568936634e-23 3.685076845e-23))
0()
0()
0()
4((0 -0.6399153768 0.7684453855) (0 0.7684453855 0.6399153768) (-1 0 0) (-4.826520303e-23 -3.932939241e-23 4.722888557e-23))
4((0 0.7700356613 0.6380008466) (0 0.6380008466 -0.7700356613) (-1 0 0) (-3.251714367e-23 2.767770197e-23 2.293192143e-23))
0()
4((0 -0.3532301212 -0.9355364672) (0 -0.9355364672 0.3532301212) (-1 0 0) (-1.618573952e-23 -2.717835209e-23 -7.198236495e-23))
4((0 0.9998976229 -0.01430886747) (-0 -0.01430886747 -0.9998976229) (-1 0 0) (-6.47282827e-23 3.313694753e-23 -4.742007378e-25))
0()
4((0 -0.9956390228 0.09328952882) (0 0.09328952882 0.9956390228) (-1 0 0) (-2.658495878e-23 -6.331291186e-23 5.932302351e-24))
4((0 0.04780911671 -0.9988564904) (-0 -0.9988564904 -0.04780911671) (-1 0 0) (-4.433403533e-23 3.944591748e-24 -8.241275597e-23))
4((0 -0.08142400381 -0.9966795531) (0 -0.9966795531 0.08142400381) (-1 0 0) (-2.532154658e-23 -6.725478047e-24 -8.232396026e-23))
0()
0()
0()
4((0 -0.4068891271 -0.9134775521) (0 -0.9134775521 0.4068891271) (-1 0 0) (-9.254599049e-23 -8.827789757e-24 -1.981863668e-23))
4((0 -0.319614279 0.9475477364) (0 0.9475477364 0.319614279) (-1 0 0) (-4.838057654e-23 -1.412120841e-23 4.186458473e-23))
4((0 -0.8250875937 0.5650048342) (0 0.5650048342 0.8250875937) (-1 0 0) (-1.4321736e-24 -7.323850287e-23 5.015238198e-23))
0()
4((0 0.9919271756 -0.1268088258) (-0 -0.1268088258 -0.9919271756) (-1 0 0) (-1.087445241e-22 2.552562038e-23 -3.263217328e-24))
4((0 0.3770077119 -0.9262101193) (-0 -0.9262101193 -0.3770077119) (-1 0 0) (-2.98136875e-23 2.523850653e-23 -6.200446147e-23))
0()
4((0 0.2173517272 0.9760933494) (0 0.9760933494 -0.2173517272) (-1 0 0) (-1.155232013e-22 1.568029053e-23 7.041778548e-23))
0()
0()
0()
4((0 0.6597153919 0.7515155365) (0 0.7515155365 -0.6597153919) (-1 0 0) (-3.146521019e-23 4.058142878e-23 4.62283806e-23))
0()
4((0 0.9412423782 0.3377318248) (0 0.3377318248 -0.9412423782) (-1 0 0) (-2.044982605e-23 2.897508152e-23 1.039669205e-23))
4((0 0.3414293523 -0.9399074409) (-0 -0.9399074409 -0.3414293523) (-1 0 0) (-4.330801136e-23 8.463916075e-24 -2.329998181e-23))
4((0 -0.6894295837 0.7243527105) (0 0.7243527105 0.6894295837) (-1 0 0) (-5.596893856e-23 -2.224933297e-23 2.337637523e-23))
0()
0()
4((0 0.9283483545 -0.3717113567) (-0 -0.3717113567 -0.9283483545) (-1 0 0) (-1.234756769e-22 3.92354396e-23 -1.570989857e-23))
0()
0()
0()
0()
4((0 -0.1941096465 -0.9809798393) (0 -0.9809798393 0.1941096465) (-1 0 0) (-3.138285211e-23 -3.569666322e-24 -1.804016831e-23))
0()
0()
4((0 -0.9853545856 0.1705178604) (0 0.1705178604 0.9853545856) (-1 0 0) (-6.75837299e-23 -4.233537282e-23 7.326232911e-24))
0()
4((0 -0.1495849939 0.9887488709) (0 0.9887488709 0.1495849939) (-1 0 0) (-5.157379902e-23 -1.157269883e-23 7.649492511e-23))
4((0 0.9027869199 0.4300881041) (0 0.4300881041 -0.9027869199) (-1 0 0) (-4.302918769e-23 4.318265086e-23 2.057223474e-23))
0()
4((0 0.2582792902 0.9660702916) (0 0.9660702916 -0.2582792902) (-1 0 0) (-8.616124183e-24 2.168812123e-23 8.112245309e-23))
4((0 0.6806256359 -0.7326313832) (-0 -0.7326313832 -0.6806256359) (-1 0 0) (-8.829119804e-23 1.11162706e-22 -1.196565083e-22))
4((0 0.8201484851 -0.5721507339) (-0 -0.5721507339 -0.8201484851) (-1 0 0) (-5.979844325e-23 2.043979852e-23 -1.425918104e-23))
4((0 -0.9499707221 -0.3123389619) (0 -0.3123389619 0.9499707221) (-1 0 0) (-6.620857184e-23 -2.779825221e-23 -9.1397314e-24))
0()
0()
4((0 0.9104521689 0.4136143713) (0 0.4136143713 -0.9104521689) (-1 0 0) (-5.932673181e-23 7.396570666e-23 3.360229159e-23))
4((0 -0.6988813764 -0.7152375981) (0 -0.7152375981 0.6988813764) (-1 0 0) (-5.669996569e-23 -4.515442659e-23 -4.621119508e-23))
4((0 -0.002655826302 0.9999964733) (0 0.9999964733 0.002655826302) (-1 0 0) (-9.037997941e-24 -1.135041046e-25 4.27376234e-23))
0()
0()
0()
0()
0()
0()
4((0 -0.8839134267 -0.4676505683) (0 -0.4676505683 0.8839134267) (-1 0 0) (-1.079772215e-22 -8.033174845e-23 -4.250098107e-23))
0()
0()
4((0 0.9677683153 -0.2518421886) (-0 -0.2518421886 -0.9677683153) (-1 0 0) (-4.675686057e-23 6.398678948e-23 -1.665127164e-23))
4((0 0.3922098284 0.9198757799) (0 0.9198757799 -0.3922098284) (-1 0 0) (-3.951635624e-23 1.382243117e-23 3.241866656e-23))
4((0 -0.5095013276 -0.86046987) (0 -0.86046987 0.5095013276) (-1 0 0) (-4.527712202e-23 -3.441110103e-24 -5.811509023e-24))
0()
0()
0()
4((0 -0.6763869661 0.7365464494) (0 0.7365464494 0.6763869661) (-1 0 0) (-1.093906006e-23 -1.45294992e-23 1.58217878e-23))
4((0 -0.3570137944 -0.9340991118) (0 -0.9340991118 0.3570137944) (-1 0 0) (-5.65547659e-23 -7.145436974e-24 -1.869548582e-23))
4((0 0.4002392316 -0.9164106926) (-0 -0.9164106926 -0.4002392316) (-1 0 0) (-4.898952947e-23 1.135362002e-23 -2.599589936e-23))
0()
0()
4((0 -0.7486377291 0.6629792988) (0 0.6629792988 0.7486377291) (-1 0 0) (-3.607514024e-23 -1.581141371e-23 1.400228651e-23))
4((0 0.5779823834 0.8160492415) (0 0.8160492415 -0.5779823834) (-1 0 0) (-1.217428777e-22 4.468481915e-23 6.309018029e-23))
4((0 -0.4802117758 -0.877152581) (0 -0.877152581 0.4802117758) (-1 0 0) (-6.040516853e-23 -1.969221328e-23 -3.596970457e-23))
4((0 0.03309011845 0.9994523721) (0 0.9994523721 -0.03309011845) (-1 0 0) (-4.501381492e-23 1.52093898e-24 4.593836899e-23))
4((0 -0.8849326079 0.4657190993) (0 0.4657190993 0.8849326079) (-1 0 0) (-1.023406545e-22 -1.062765056e-22 5.593081102e-23))
0()
4((0 -0.9981815612 -0.06027910802) (0 -0.06027910802 0.9981815612) (-1 0 0) (-3.888829438e-23 -1.691310933e-23 -1.021364433e-24))
0()
0()
0()
4((0 0.6947936269 -0.7192091601) (-0 -0.7192091601 -0.6947936269) (-1 0 0) (-7.410926041e-23 2.512829386e-23 -2.601131965e-23))
0()
0()
0()
4((0 0.969452808 -0.24527791) (-0 -0.24527791 -0.969452808) (-1 0 0) (-7.537924583e-23 1.45342126e-22 -3.677250983e-23))
4((0 -0.9792597431 -0.2026088734) (0 -0.2026088734 0.9792597431) (-1 0 0) (-7.172316299e-23 -1.482589424e-23 -3.067478012e-24))
4((0 -0.3951265607 0.918626693) (0 0.918626693 0.3951265607) (-1 0 0) (-7.394202906e-23 -1.351415129e-23 3.141894608e-23))
4((0 0.8687245773 -0.4952954763) (-0 -0.4952954763 -0.8687245773) (-1 0 0) (-6.594168732e-23 3.057634312e-23 -1.743282604e-23))
0()
4((0 -0.9863501626 -0.1646613395) (0 -0.1646613395 0.9863501626) (-1 0 0) (-1.22512459e-22 -2.303131747e-23 -3.844849151e-24))
0()
0()
0()
4((0 -0.7029944281 0.7111953558) (0 0.7111953558 0.7029944281) (-1 0 0) (-8.447037659e-23 -1.286127123e-23 1.301130707e-23))
0()
0()
0()
0()
4((0 0.9585841066 0.284809604) (0 0.284809604 -0.9585841066) (-1 0 0) (-7.502904514e-26 4.103773492e-23 1.219292178e-23))
4((0 -0.98010208 -0.1984941128) (0 -0.1984941128 0.98010208) (-1 0 0) (-1.043701362e-22 -7.392445467e-23 -1.497147016e-23))
0()
0()
0()
0()
4((0 -0.9989453858 -0.04591422707) (0 -0.04591422707 0.9989453858) (-1 0 0) (-2.706601755e-23 -3.373517973e-23 -1.550559945e-24))
0()
4((0 0.9194978 -0.3930951485) (-0 -0.3930951485 -0.9194978) (-1 0 0) (-6.151357888e-23 3.607384192e-23 -1.542195342e-23))
0()
0()
4((0 0.9336732796 0.3581259651) (0 0.3581259651 -0.9336732796) (-1 0 0) (-7.783795733e-23 5.657417892e-23 2.169997029e-23))
0()
0()
0()
0()
0()
0()
0()
0()
4((0 0.2186681203 -0.9757992894) (-0 -0.9757992894 -0.2186681203) (-1 0 0) (-3.825082827e-23 9.534691119e-24 -4.254824528e-23))
0()
0()
4((0 0.1469458257 -0.9891445417) (-0 -0.9891445417 -0.1469458257) (-1 0 0) (-3.425544623e-23 5.584737771e-24 -3.759285339e-23))
4((0 -0.809720058 -0.5868163491) (0 -0.5868163491 0.809720058) (-1 0 0) (-2.878633133e-23 -1.365909443e-23 -9.898951922e-24))
4((0 0.6963853316 0.7176680778) (0 0.7176680778 -0.6963853316) (-1 0 0) (-1.068202437e-22 2.104093532e-23 2.168398288e-23))
4((0 0.9334458056 0.3587184524) (0 0.3587184524 -0.9334458056) (-1 0 0) (-5.042997439e-23 4.531933055e-23 1.741598711e-23))
0()
0()
0()
4((0 0.1676337742 0.9858493383) (0 0.9858493383 -0.1676337742) (-1 0 0) (-3.267970587e-23 2.156160733e-24 1.26803184e-23))
0()
0()
4((0 0.9468980041 0.3215340882) (0 0.3215340882 -0.9468980041) (-1 0 0) (-2.973885547e-23 3.174946849e-23 1.078103065e-23))
0()
0()
0()
0()
0()
4((0 -0.8657955879 -0.5003978417) (0 -0.5003978417 0.8657955879) (-1 0 0) (-7.286263421e-23 -6.350459436e-23 -3.67033078e-23))
4((0 0.9671674072 -0.2541401315) (-0 -0.2541401315 -0.9671674072) (-1 0 0) (-2.275016801e-23 4.935568846e-23 -1.296906933e-23))
0()
0()
0()
0()
0()
0()
4((0 0.7075059507 0.7067073862) (0 0.7067073862 -0.7075059507) (-1 0 0) (-8.787098875e-23 8.906644306e-23 8.896591345e-23))
0()
0()
4((0 -0.585388244 0.810753109) (0 0.810753109 0.585388244) (-1 0 0) (-5.694544566e-23 -3.378896424e-23 4.679716084e-23))
0()
0()
4((0 0.8229700128 0.5680848158) (0 0.5680848158 -0.8229700128) (-1 0 0) (-7.614350053e-23 6.635646613e-23 4.580495067e-23))
4((0 -0.5976648675 -0.8017460359) (0 -0.8017460359 0.5976648675) (-1 0 0) (-2.30091043e-23 -2.139812746e-23 -2.870482238e-23))
0()
4((0 0.009753948399 -0.9999524291) (-0 -0.9999524291 -0.009753948399) (-1 0 0) (-7.197611224e-23 7.49551469e-25 -7.684229826e-23))
4((0 -0.7545779656 -0.6562104036) (0 -0.6562104036 0.7545779656) (-1 0 0) (-4.8464124e-23 -4.098453803e-23 -3.564175138e-23))
0()
4((0 0.9946797104 -0.1030158911) (-0 -0.1030158911 -0.9946797104) (-1 0 0) (-5.23301801e-23 3.498778383e-23 -3.623576203e-24))
4((0 -0.1329411769 -0.9911239294) (0 -0.9911239294 0.1329411769) (-1 0 0) (-1.159549919e-22 -2.015853151e-24 -1.502890483e-23))
0()
0()
0()
0()
0()
0()
0()
4((0 0.7295699819 0.6839061643) (0 0.6839061643 -0.7295699819) (-1 0 0) (-2.300875438e-23 3.157085572e-23 2.959483446e-23))
4((0 -0.9932653536 0.1158617164) (0 0.1158617164 0.9932653536) (-1 0 0) (-7.213578822e-23 -2.692494715e-23 3.140722243e-24))
0()
0()
4((0 -0.8722785508 0.489009335) (0 0.489009335 0.8722785508) (-1 0 0) (-2.090720272e-23 -9.372329667e-23 5.254235237e-23))
0()
4((0 0.6781026749 0.7349671845) (0 0.7349671845 -0.6781026749) (-1 0 0) (-1.203816712e-23 1.417040814e-23 1.535871389e-23))
0()
4((0 -0.1306353836 0.9914304799) (0 0.9914304799 0.1306353836) (-1 0 0) (-6.093151066e-23 -3.312656411e-24 2.514072715e-23))
0()
4((0 -0.9943447115 0.1062007283) (0 0.1062007283 0.9943447115) (-1 0 0) (-4.722858176e-23 -6.065719351e-23 6.478475775e-24))
4((0 -0.9689581883 -0.2472246534) (0 -0.2472246534 0.9689581883) (-1 0 0) (-7.153783803e-23 -6.843906463e-23 -1.746187218e-23))
0()
0()
0()
0()
0()
0()
4((0 -0.4717559966 0.8817291419) (0 0.8817291419 0.4717559966) (-1 0 0) (-6.334634828e-23 -3.215840265e-23 6.010522595e-23))
4((0 0.4097916239 0.9121791628) (0 0.9121791628 -0.4097916239) (-1 0 0) (-2.94586621e-23 2.830445354e-23 6.300453992e-23))
4((0 -0.8880703476 0.4597075784) (0 0.4597075784 0.8880703476) (-1 0 0) (-2.681924162e-23 -2.17701671e-23 1.126927706e-23))
0()
4((0 -0.3798260654 -0.9250579225) (0 -0.9250579225 0.3798260654) (-1 0 0) (-3.07204354e-23 -2.502376137e-23 -6.094481346e-23))
0()
0()
4((0 0.9970480082 -0.07678065799) (-0 -0.07678065799 -0.9970480082) (-1 0 0) (-3.569645402e-23 2.97242328e-23 -2.289003272e-24))
4((0 -0.918781291 -0.394766943) (0 -0.394766943 0.918781291) (-1 0 0) (-3.2723565e-23 -5.027028771e-23 -2.15993164e-23))
0()
0()
4((0 0.2388105458 0.9710661786) (0 0.9710661786 -0.2388105458) (-1 0 0) (-4.97290946e-23 1.548469144e-23 6.296480792e-23))
4((0 -0.9357424266 0.352684152) (0 0.352684152 0.9357424266) (-1 0 0) (-2.035266797e-23 -4.69653233e-23 1.770137246e-23))
4((0 0.2536357883 -0.9672997916) (-0 -0.9672997916 -0.2536357883) (-1 0 0) (-2.835642019e-23 9.881097714e-24 -3.768389241e-23))
4((0 0.8007867124 -0.598949615) (-0 -0.598949615 -0.8007867124) (-1 0 0) (-7.529573235e-23 6.139429769e-23 -4.591995645e-23))
0()
0()
4((0 0.3742129767 -0.9273427889) (-0 -0.9273427889 -0.3742129767) (-1 0 0) (-8.188927889e-23 1.028041867e-23 -2.547605965e-23))
0()
0()
0()
0()
4((0 0.571086796 -0.8208896829) (-0 -0.8208896829 -0.571086796) (-1 0 0) (-5.598667623e-23 2.045755724e-23 -2.940603388e-23))
4((0 0.5868552629 -0.8096918552) (-0 -0.8096918552 -0.5868552629) (-1 0 0) (-5.273229168e-23 2.749907645e-23 -3.794083419e-23))
0()
4((0 -0.6266643981 0.7792892481) (0 0.7792892481 0.6266643981) (-1 0 0) (-1.324298342e-23 -1.729400555e-23 2.150598091e-23))
0()
0()
4((0 0.3342382813 -0.9424886054) (-0 -0.9424886054 -0.3342382813) (-1 0 0) (-4.120344647e-23 3.028480901e-23 -8.539742155e-23))
4((0 0.7316781498 0.681650266) (0 0.681650266 -0.7316781498) (-1 0 0) (-3.309177128e-23 1.837047371e-23 1.711440788e-23))
0()
0()
4((0 -0.6844285226 0.7290799665) (0 0.7290799665 0.6844285226) (-1 0 0) (-5.814324448e-23 -2.823509722e-23 3.007712721e-23))
0()
0()
4((0 -0.1383706141 -0.9903805194) (0 -0.9903805194 0.1383706141) (-1 0 0) (-1.020002436e-22 -6.908053695e-24 -4.944403732e-23))
4((0 -0.9995981915 0.02834529071) (0 0.02834529071 0.9995981915) (-1 0 0) (-1.330949094e-23 -7.692408389e-23 2.18131199e-24))
0()
0()
0()
0()
0()
0()
4((0 0.8226121321 0.5686029196) (0 0.5686029196 -0.8226121321) (-1 0 0) (-7.221581872e-23 5.733576329e-23 3.963141453e-23))
0()
0()
0()
4((0 -0.9959489462 -0.08992050089) (0 -0.08992050089 0.9959489462) (-1 0 0) (-6.464617082e-23 -4.521294671e-23 -4.082107653e-24))
0()
0()
0()
0()
0()
0()
0()
0()
0()
4((0 -0.9030845664 -0.4294627643) (0 -0.4294627643 0.9030845664) (-1 0 0) (-4.817844886e-23 -9.83898043e-23 -4.678936936e-23))
0()
4((0 -0.588939634 -0.8081770274) (0 -0.8081770274 0.588939634) (-1 0 0) (-1.900545625e-23 -2.88973982e-23 -3.965468111e-23))
0()
0()
0()
4((0 0.5772309188 0.8165809613) (0 0.8165809613 -0.5772309188) (-1 0 0) (-3.44697319e-23 3.921015547e-23 5.546873081e-23))
4((0 0.9867667703 0.1621460487) (0 0.1621460487 -0.9867667703) (-1 0 0) (-4.118715056e-23 4.504221441e-23 7.401361001e-24))
0()
4((0 -0.9623023971 -0.2719817946) (0 -0.2719817946 0.9623023971) (-1 0 0) (-8.956046556e-23 -4.189126711e-23 -1.184000169e-23))
0()
4((0 -0.4239162017 0.9057014155) (0 0.9057014155 0.4239162017) (-1 0 0) (-4.511815564e-23 -7.401479309e-24 1.581333825e-23))
0()
0()
4((0 0.9802010559 -0.1980047727) (-0 -0.1980047727 -0.9802010559) (-1 0 0) (-1.544518266e-23 4.720719975e-23 -9.536054666e-24))
0()
0()
0()
4((0 -0.9443117533 -0.3290521427) (0 -0.3290521427 0.9443117533) (-1 0 0) (-1.352309721e-24 -4.179877675e-23 -1.456508087e-23))
0()
0()
4((0 -0.9999883139 -0.004834465279) (0 -0.004834465279 0.9999883139) (-1 0 0) (-1.508357845e-23 -5.298504907e-23 -2.561573735e-25))
0()
0()
4((0 -0.4493644757 -0.8933485143) (0 -0.8933485143 0.4493644757) (-1 0 0) (-1.117455768e-22 -1.771592056e-23 -3.521972067e-23))
0()
0()
0()
4((0 0.5994543069 0.8004089792) (0 0.8004089792 -0.5994543069) (-1 0 0) (-1.661556271e-23 3.982018053e-23 5.31690734e-23))
0()
4((0 -0.920144271 0.3915795201) (0 0.3915795201 0.920144271) (-1 0 0) (-5.713949624e-23 -3.603530629e-23 1.533529946e-23))
0()
4((0 0.6988828923 -0.7152361169) (-0 -0.7152361169 -0.6988828923) (-1 0 0) (-7.807434055e-23 3.329167202e-23 -3.40706669e-23))
0()
0()
0()
4((0 -0.8798730582 -0.4752087977) (0 -0.4752087977 0.8798730582) (-1 0 0) (-3.541943337e-23 -2.559005997e-23 -1.382088191e-23))
4((0 0.5867191817 -0.8097904678) (-0 -0.8097904678 -0.5867191817) (-1 0 0) (-6.95604804e-23 1.087890105e-23 -1.501507134e-23))
0()
0()
4((0 0.9314846507 0.3637806283) (0 0.3637806283 -0.9314846507) (-1 0 0) (-6.822520816e-23 8.533714999e-23 3.332744347e-23))
4((0 -0.7165214054 0.6975651049) (0 0.6975651049 0.7165214054) (-1 0 0) (-5.331353655e-23 -6.707129334e-24 6.529685425e-24))
0()
0()
0()
0()
0()
0()
0()
4((0 0.7583422714 0.6518565789) (0 0.6518565789 -0.7583422714) (-1 0 0) (-2.415079655e-23 6.090356823e-23 5.235154774e-23))
0()
4((0 -0.9936968605 -0.1121006218) (0 -0.1121006218 0.9936968605) (-1 0 0) (-7.448481149e-23 -4.372972825e-23 -4.933224529e-24))
0()
0()
4((0 0.5180559729 0.8553467186) (0 0.8553467186 -0.5180559729) (-1 0 0) (-1.472335653e-22 5.221105805e-23 8.620411599e-23))
0()
4((0 0.5514280995 0.834222423) (0 0.834222423 -0.5514280995) (-1 0 0) (-2.718584321e-23 5.071050269e-23 7.67168711e-23))
0()
0()
4((0 -0.2814317571 0.9595812452) (0 0.9595812452 0.2814317571) (-1 0 0) (-2.880943957e-23 -1.20720842e-23 4.11614727e-23))
4((0 -0.8761522243 0.4820345214) (0 0.4820345214 0.8761522243) (-1 0 0) (-2.569654593e-23 -2.180335108e-23 1.199559575e-23))
4((0 0.1102411512 -0.993904869) (-0 -0.993904869 -0.1102411512) (-1 0 0) (-6.120550639e-23 8.776782046e-24 -7.912913024e-23))
0()
0()
0()
4((0 -0.3189398592 0.9477749555) (0 0.9477749555 0.3189398592) (-1 0 0) (-5.368108439e-23 -2.791021798e-23 8.293916498e-23))
4((0 -0.8072390746 -0.5902245982) (0 -0.5902245982 0.8072390746) (-1 0 0) (-5.286649496e-23 -6.784204318e-23 -4.960369726e-23))
4((0 0.9771080676 -0.2127435644) (-0 -0.2127435644 -0.9771080676) (-1 0 0) (-3.203217817e-23 4.841653877e-23 -1.05416252e-23))
0()
0()
0()
4((0 -0.9453305741 -0.3261136391) (0 -0.3261136391 0.9453305741) (-1 0 0) (-8.529175064e-23 -4.786652702e-23 -1.651266525e-23))
0()
4((0 -0.9085342168 0.4178104557) (0 0.4178104557 0.9085342168) (-1 0 0) (-2.549960116e-23 -1.625443269e-23 7.474976509e-24))
0()
0()
4((0 -0.8980523843 0.4398885258) (0 0.4398885258 0.8980523843) (-1 0 0) (-3.821164529e-23 -5.219607925e-23 2.556694549e-23))
4((0 -0.6927213438 -0.7212053382) (0 -0.7212053382 0.6927213438) (-1 0 0) (-5.250636789e-23 -4.5526327e-23 -4.739832308e-23))
0()
0()
0()
4((0 0.7303518448 0.6830711403) (0 0.6830711403 -0.7303518448) (-1 0 0) (-8.795481339e-23 4.968343887e-23 4.646708772e-23))
0()
0()
0()
4((0 0.3394475086 0.9406249991) (0 0.9406249991 -0.3394475086) (-1 0 0) (-7.734068404e-23 1.449671152e-24 4.01710689e-24))
0()
0()
4((0 -0.7055765917 0.7086336664) (0 0.7086336664 0.7055765917) (-1 0 0) (-1.138574899e-22 -8.519060293e-23 8.555971103e-23))
0()
0()
4((0 0.9995140855 -0.03117038328) (-0 -0.03117038328 -0.9995140855) (-1 0 0) (-8.148783157e-23 2.684272916e-23 -8.371049178e-25))
0()
4((0 -0.8740527522 -0.4858310266) (0 -0.4858310266 0.8740527522) (-1 0 0) (-3.697369652e-23 -8.698618282e-24 -4.835015552e-24))
0()
4((0 -0.1568066649 -0.987629318) (0 -0.987629318 0.1568066649) (-1 0 0) (-1.072913024e-22 -1.410395081e-23 -8.883216365e-23))
4((0 -0.01218846712 0.9999257179) (0 0.9999257179 0.01218846712) (-1 0 0) (-1.204454555e-22 -7.109876209e-25 5.83284838e-23))
0()
0()
0()
4((0 -0.07251493856 -0.9973673264) (0 -0.9973673264 0.07251493856) (-1 0 0) (-5.136904473e-24 -3.648675824e-24 -5.018372937e-23))
4((0 0.8782515996 -0.478198837) (-0 -0.478198837 -0.8782515996) (-1 0 0) (-8.911484533e-23 8.672822892e-23 -4.722261619e-23))
4((0 0.9108532644 0.4127303366) (0 0.4127303366 -0.9108532644) (-1 0 0) (-7.542920584e-23 4.226790293e-23 1.915264125e-23))
4((0 0.7477440662 -0.6639870567) (-0 -0.6639870567 -0.7477440662) (-1 0 0) (-1.378188152e-22 4.510750252e-23 -4.005487865e-23))
0()
0()
4((0 0.1918988962 0.9814147001) (0 0.9814147001 -0.1918988962) (-1 0 0) (-3.253713295e-23 2.591963168e-23 1.32558905e-22))
0()
4((0 -0.9927029591 0.1205853843) (0 0.1205853843 0.9927029591) (-1 0 0) (-2.730872565e-23 -6.007031048e-23 7.296846865e-24))
0()
4((0 -0.1756722957 -0.9844487008) (0 -0.9844487008 0.1756722957) (-1 0 0) (-9.481619329e-23 -1.073265646e-23 -6.01446555e-23))
0()
0()
4((0 0.7144146919 -0.6997225507) (-0 -0.6997225507 -0.7144146919) (-1 0 0) (-5.772865516e-23 3.615077989e-23 -3.540732883e-23))
0()
0()
0()
0()
0()
0()
4((0 -0.8923576979 -0.4513288591) (0 -0.4513288591 0.8923576979) (-1 0 0) (-1.206532221e-22 -6.036944588e-23 -3.053312948e-23))
4((0 0.7057619434 0.7084490661) (0 0.7084490661 -0.7057619434) (-1 0 0) (-8.605080048e-24 3.393740882e-23 3.406662234e-23))
4((0 -0.8853170619 -0.4649878493) (0 -0.4649878493 0.8853170619) (-1 0 0) (-6.211032012e-23 -4.344045628e-23 -2.281587604e-23))
4((0 -0.9602114042 0.2792741648) (0 0.2792741648 0.9602114042) (-1 0 0) (-6.83470766e-23 -4.80585275e-23 1.397765645e-23))
4((0 -0.4682750559 0.8835827477) (0 0.8835827477 0.4682750559) (-1 0 0) (-8.491456124e-23 -4.760551777e-23 8.982629688e-23))
0()
0()
4((0 -0.9978087589 0.06616404379) (0 0.06616404379 0.9978087589) (-1 0 0) (-2.923665809e-23 -5.799680224e-23 3.845729885e-24))
0()
4((0 0.6532664135 0.7571281219) (0 0.7571281219 -0.6532664135) (-1 0 0) (-3.420951272e-23 2.028725752e-23 2.351269385e-23))
4((0 0.8055882896 0.5924757444) (0 0.5924757444 -0.8055882896) (-1 0 0) (-7.72597202e-23 1.499950463e-23 1.103149435e-23))
0()
0()
0()
0()
4((0 -0.05654156489 0.9984002461) (0 0.9984002461 0.05654156489) (-1 0 0) (-1.200616379e-23 -1.398877815e-24 2.470111956e-23))
4((0 0.4377707215 0.8990866451) (0 0.8990866451 -0.4377707215) (-1 0 0) (-8.469876237e-23 3.102882056e-23 6.372650524e-23))
4((0 -0.4942292377 -0.8693316172) (0 -0.8693316172 0.4942292377) (-1 0 0) (-1.907910038e-23 -3.816036984e-23 -6.712273069e-23))
4((0 0.5243368447 -0.8515109355) (-0 -0.8515109355 -0.5243368447) (-1 0 0) (-1.04914685e-22 5.869097432e-23 -9.531278786e-23))
4((0 -0.686698019 0.7269427974) (0 0.7269427974 0.686698019) (-1 0 0) (-6.423774293e-23 -3.658477776e-23 3.872887347e-23))
0()
4((0 -0.402292297 -0.9155112822) (0 -0.9155112822 0.402292297) (-1 0 0) (-1.406602969e-23 -2.887371187e-23 -6.570896131e-23))
0()
0()
0()
0()
0()
4((0 -0.7153317203 0.6987850384) (0 0.6987850384 0.7153317203) (-1 0 0) (-4.93398537e-23 -3.121349738e-23 3.049148297e-23))
4((0 0.9014423144 0.432899242) (0 0.432899242 -0.9014423144) (-1 0 0) (-4.818193356e-23 2.29923486e-23 1.104160535e-23))
0()
0()
0()
4((0 -0.5539372345 -0.8325584305) (0 -0.8325584305 0.5539372345) (-1 0 0) (-2.571607299e-23 -2.381106123e-23 -3.578762815e-23))
0()
0()
0()
0()
0()
0()
4((0 -0.9411033215 -0.3381191183) (0 -0.3381191183 0.9411033215) (-1 0 0) (-5.225428184e-23 -2.971410095e-23 -1.067566694e-23))
0()
0()
0()
0()
0()
0()
4((0 0.09408321122 0.9955643371) (0 0.9955643371 -0.09408321122) (-1 0 0) (-6.182974141e-23 4.79207866e-24 5.070854356e-23))
0()
0()
0()
0()
0()
0()
0()
4((0 0.8449652022 0.5348212852) (0 0.5348212852 -0.8449652022) (-1 0 0) (-2.025421309e-23 3.520310173e-23 2.228182659e-23))
0()
4((0 -0.7725015898 -0.6350128296) (0 -0.6350128296 0.7725015898) (-1 0 0) (-3.255756587e-23 -3.349661282e-23 -2.753493218e-23))
0()
4((0 0.1639972024 0.9864608039) (0 0.9864608039 -0.1639972024) (-1 0 0) (-7.156147552e-23 9.933267876e-24 5.974967421e-23))
0()
0()
0()
0()
4((0 -0.8139652026 0.5809136329) (0 0.5809136329 0.8139652026) (-1 0 0) (-8.23664105e-23 -2.751340168e-23 1.963586413e-23))
4((0 -0.7326412046 -0.680615064) (0 -0.680615064 0.7326412046) (-1 0 0) (-6.070255815e-23 -1.388714386e-23 -1.290099335e-23))
0()
0()
4((0 -0.6860992702 0.7275079322) (0 0.7275079322 0.6860992702) (-1 0 0) (-5.669288848e-23 -2.018577611e-24 2.140406334e-24))
0()
0()
4((0 0.448893705 0.8935851619) (0 0.8935851619 -0.448893705) (-1 0 0) (-3.979880987e-23 1.046148104e-23 2.082502857e-23))
4((0 0.9077128034 -0.4195920239) (-0 -0.4195920239 -0.9077128034) (-1 0 0) (-1.064418145e-22 3.193001759e-23 -1.475971326e-23))
0()
0()
0()
0()
0()
0()
4((0 0.5638253482 -0.8258940469) (-0 -0.8258940469 -0.5638253482) (-1 0 0) (-4.386449844e-23 4.03160077e-23 -5.905507948e-23))
0()
0()
0()
0()
0()
4((0 0.1299361461 0.9915223638) (0 0.9915223638 -0.1299361461) (-1 0 0) (-8.93739865e-23 2.283984844e-24 1.742873033e-23))
4((0 0.7608559709 0.6489207899) (0 0.6489207899 -0.7608559709) (-1 0 0) (-3.956298353e-23 1.501947728e-23 1.280985027e-23))
4((0 0.9804671179 0.1966830717) (0 0.1966830717 -0.9804671179) (-1 0 0) (-3.954764301e-23 2.822394109e-23 5.661761958e-24))
0()
0()
4((0 0.9561883593 -0.2927521504) (-0 -0.2927521504 -0.9561883593) (-1 0 0) (-8.759553842e-23 4.564786642e-23 -1.397581442e-23))
0()
4((0 0.9821428574 0.1881366726) (0 0.1881366726 -0.9821428574) (-1 0 0) (-3.062406712e-23 7.261402798e-23 1.390974999e-23))
4((0 -0.5951806705 -0.8035919172) (0 -0.8035919172 0.5951806705) (-1 0 0) (-4.118395065e-23 -3.202293881e-23 -4.323624081e-23))
0()
0()
0()
4((0 0.9836403064 -0.1801436859) (-0 -0.1801436859 -0.9836403064) (-1 0 0) (-2.133820578e-23 4.196589126e-23 -7.685624799e-24))
0()
0()
4((0 -0.9717745798 -0.2359113522) (0 -0.2359113522 0.9717745798) (-1 0 0) (-9.175980204e-23 -9.314538556e-23 -2.26122954e-23))
0()
4((0 -0.9992360528 -0.03908082402) (0 -0.03908082402 0.9992360528) (-1 0 0) (-2.415253565e-23 -5.221837321e-23 -2.042297262e-24))
0()
0()
0()
0()
4((0 -0.1137906349 -0.9935047516) (0 -0.9935047516 0.1137906349) (-1 0 0) (-8.531430613e-23 -8.078231701e-24 -7.053095e-23))
4((0 -0.7765711803 0.6300295247) (0 0.6300295247 0.7765711803) (-1 0 0) (-6.593859597e-23 -5.311908043e-24 4.309532705e-24))
0()
0()
0()
0()
4((0 -0.9464557895 -0.3228334531) (0 -0.3228334531 0.9464557895) (-1 0 0) (-1.073171023e-22 -2.119417997e-23 -7.229276193e-24))
4((0 0.8973332726 -0.4413535972) (-0 -0.4413535972 -0.8973332726) (-1 0 0) (-2.750843567e-23 5.634244857e-23 -2.771204759e-23))
4((0 0.6539495995 0.7565381162) (0 0.7565381162 -0.6539495995) (-1 0 0) (-2.104616657e-23 4.638723349e-23 5.366424303e-23))
4((0 0.9883730004 0.1520487164) (0 0.1520487164 -0.9883730004) (-1 0 0) (-1.20852198e-22 4.873267822e-23 7.496907711e-24))
4((0 0.01863963039 -0.999826267) (-0 -0.999826267 -0.01863963039) (-1 0 0) (-8.004734627e-23 7.728605603e-25 -4.145609503e-23))
4((0 0.9999994122 -0.001084234539) (-0 -0.001084234539 -0.9999994122) (-1 0 0) (-3.92180446e-23 6.270669699e-23 -6.798880665e-26))
0()
0()
0()
4((0 0.8830573666 0.4692650501) (0 0.4692650501 -0.8830573666) (-1 0 0) (-6.805937894e-23 1.809632278e-23 9.61655736e-24))
4((0 -0.9817665924 -0.1900903945) (0 -0.1900903945 0.9817665924) (-1 0 0) (-6.297386252e-23 -2.050152277e-23 -3.969520435e-24))
0()
4((0 -0.008974536182 -0.999959728) (0 -0.999959728 0.008974536182) (-1 0 0) (-4.574485465e-23 -5.916250464e-25 -6.59199772e-23))
0()
0()
0()
0()
0()
0()
0()
0()
0()
4((0 -0.9797497113 -0.2002261302) (0 -0.2002261302 0.9797497113) (-1 0 0) (-7.72604896e-23 -8.180429684e-23 -1.671790009e-23))
0()
0()
0()
0()
4((0 -0.7704668254 -0.6374800945) (0 -0.6374800945 0.7704668254) (-1 0 0) (-5.876930438e-23 -3.307079457e-23 -2.7362597e-23))
0()
0()
0()
4((0 -0.9806537418 0.1957504499) (0 0.1957504499 0.9806537418) (-1 0 0) (-9.809307776e-23 -3.675601231e-23 7.336948443e-24))
0()
0()
4((0 -0.9967386853 0.08069692179) (0 0.08069692179 0.9967386853) (-1 0 0) (-7.795820615e-23 -4.563097612e-23 3.694327676e-24))
4((0 -0.3886858933 -0.9213703253) (0 -0.9213703253 0.3886858933) (-1 0 0) (-9.494789931e-23 -2.761111709e-23 -6.545147218e-23))
0()
4((0 -0.9926017462 -0.1214157053) (0 -0.1214157053 0.9926017462) (-1 0 0) (-4.888741082e-23 -4.013235528e-23 -4.90901637e-24))
0()
4((0 -0.9999920271 -0.00399321555) (0 -0.00399321555 0.9999920271) (-1 0 0) (-4.74458849e-23 -7.563042997e-23 -3.02011017e-25))
4((0 -0.135245016 -0.9908121849) (0 -0.9908121849 0.135245016) (-1 0 0) (-4.216175229e-23 -6.328953015e-24 -4.636624662e-23))
0()
0()
0()
0()
0()
0()
0()
0()
0()
4((0 0.9572387694 0.2892990466) (0 0.2892990466 -0.9572387694) (-1 0 0) (-7.390793229e-23 3.253351399e-23 9.83235832e-24))
0()
4((0 0.7028407279 -0.7113472508) (-0 -0.7113472508 -0.7028407279) (-1 0 0) (-5.736503514e-23 4.412484607e-23 -4.465889169e-23))
4((0 0.3115385883 0.9502335018) (0 0.9502335018 -0.3115385883) (-1 0 0) (-7.035102851e-23 2.674036908e-23 8.156162835e-23))
4((0 0.8629453285 0.5052972987) (0 0.5052972987 -0.8629453285) (-1 0 0) (-1.264780838e-22 2.075773449e-23 1.215468329e-23))
4((0 0.8310817919 -0.5561502092) (-0 -0.5561502092 -0.8310817919) (-1 0 0) (-3.820075156e-23 4.608253575e-23 -3.083789363e-23))
0()
4((0 0.6107884762 -0.7917938099) (-0 -0.7917938099 -0.6107884762) (-1 0 0) (-2.089461444e-23 4.768424571e-23 -6.181532897e-23))
0()
4((0 0.9862587688 -0.165207872) (-0 -0.165207872 -0.9862587688) (-1 0 0) (-4.228557062e-23 1.205580023e-22 -2.019463008e-23))
0()
0()
4((0 -0.8365291208 -0.5479224672) (0 -0.5479224672 0.8365291208) (-1 0 0) (-5.316953105e-23 -1.932425481e-23 -1.265729203e-23))
0()
0()
0()
4((0 -0.4143368474 0.9101236053) (0 0.9101236053 0.4143368474) (-1 0 0) (-1.037477415e-22 -4.162174893e-23 9.142545836e-23))
0()
4((0 -0.998806391 -0.04884458217) (0 -0.04884458217 0.998806391) (-1 0 0) (-2.075487576e-23 -3.544084874e-23 -1.733162167e-24))
4((0 0.8814807639 -0.4722199307) (-0 -0.4722199307 -0.8814807639) (-1 0 0) (-8.517363389e-23 1.672153795e-23 -8.957930582e-24))
0()
0()
0()
0()
0()
4((0 0.9886798817 -0.1500402995) (-0 -0.1500402995 -0.9886798817) (-1 0 0) (-2.175386109e-23 6.222449709e-23 -9.443078952e-24))
4((0 -0.4547631569 -0.8906124135) (0 -0.8906124135 0.4547631569) (-1 0 0) (-4.969894479e-23 -3.147820496e-23 -6.164721057e-23))
4((0 -0.990536908 0.1372466172) (0 0.1372466172 0.990536908) (-1 0 0) (-3.726057675e-23 -4.637396879e-23 6.425475204e-24))
0()
4((0 0.6743213202 -0.7384380523) (-0 -0.7384380523 -0.6743213202) (-1 0 0) (-3.517094928e-23 5.090628133e-23 -5.574662125e-23))
0()
4((0 -0.9995081658 0.03135963206) (0 0.03135963206 0.9995081658) (-1 0 0) (-4.342706329e-23 -3.500340972e-23 1.098234199e-24))
0()
0()
0()
